Pose 0:
1.000000 0.000000 0.000000 0.000000
0.000000 1.000000 0.000000 0.000000
0.000000 0.000000 1.000000 0.000000
0.000000 0.000000 0.000000 1.000000

Pose 1:
0.989252 0.146223 -0.000261 0.000024
-0.087943 0.596392 0.797861 0.000229
0.116822 -0.789263 0.602841 -0.095673
0.000000 0.000000 0.000000 1.000000

Pose 2:
0.971007 0.218896 0.096067 0.000064
-0.016182 -0.340760 0.940011 0.000351
0.238501 -0.914312 -0.327338 -0.293546
0.000000 0.000000 0.000000 1.000000

Pose 3:
0.974557 0.144389 0.171436 0.000211
0.098519 -0.962963 0.250992 0.000219
0.201327 -0.227717 -0.952687 -0.594367
0.000000 0.000000 0.000000 1.000000

Pose 4:
0.987078 0.043290 0.154280 0.000426
0.132828 -0.759593 -0.636691 -0.000035
0.089628 0.648957 -0.755528 -0.982608
0.000000 0.000000 0.000000 1.000000

Pose 5:
0.982079 0.118164 0.146827 0.000772
0.135721 0.097139 -0.985974 -0.000351
-0.130769 0.988231 0.079360 -1.470978
0.000000 0.000000 0.000000 1.000000

Pose 6:
0.989195 0.066421 0.130695 0.001330
-0.000547 0.893145 -0.449768 -0.000696
-0.146603 0.444837 0.883531 -2.070762
0.000000 0.000000 0.000000 1.000000

Pose 7:
0.994662 0.004509 0.103089 0.002104
-0.057120 0.856079 0.513679 -0.001180
-0.085936 -0.516825 0.851767 -2.760571
0.000000 0.000000 0.000000 1.000000

Pose 8:
0.990326 0.130706 -0.046579 0.003135
0.041939 0.038035 0.998396 -0.001906
0.132268 -0.990691 0.032185 -3.539192
0.000000 0.000000 0.000000 1.000000

Pose 9:
0.959366 0.282159 -0.001758 0.004266
0.221184 -0.748148 0.625581 -0.002849
0.175199 -0.600550 -0.780157 -4.412865
0.000000 0.000000 0.000000 1.000000

Pose 10:
0.949324 0.253588 0.185681 0.005568
0.300302 -0.906179 -0.297756 -0.004095
0.092753 0.338427 -0.936410 -5.381844
0.000000 0.000000 0.000000 1.000000

Pose 11:
0.952200 0.088429 0.292397 0.006900
0.304580 -0.201581 -0.930911 -0.005422
-0.023378 0.975472 -0.218879 -6.477326
0.000000 0.000000 0.000000 1.000000

Pose 12:
0.973912 -0.110982 0.197938 0.008266
0.217058 0.710028 -0.669885 -0.006908
-0.066197 0.695373 0.715594 -7.670965
0.000000 0.000000 0.000000 1.000000

Pose 13:
0.990563 -0.136056 -0.016568 0.009791
0.136337 0.965704 0.220970 -0.008444
-0.014065 -0.221144 0.975140 -8.929646
0.000000 0.000000 0.000000 1.000000

Pose 14:
0.987453 0.114049 -0.109221 0.011396
0.049843 0.431194 0.900882 -0.010392
0.149840 -0.895022 0.420099 -10.304723
0.000000 0.000000 0.000000 1.000000

Pose 15:
0.947636 0.315837 0.047249 0.012983
0.103763 -0.444441 0.889778 -0.012645
0.302024 -0.838284 -0.453941 -11.804425
0.000000 0.000000 0.000000 1.000000

Pose 16:
0.914132 0.262110 0.309292 0.014287
0.275223 -0.961380 0.001285 -0.014962
0.297684 0.083950 -0.950966 -13.367187
0.000000 0.000000 0.000000 1.000000

Pose 17:
0.915691 0.008508 0.401793 0.015393
0.354183 -0.489522 -0.796820 -0.017266
0.189908 0.871949 -0.451264 -15.017617
0.000000 0.000000 0.000000 1.000000

Pose 18:
0.897384 -0.324185 0.299342 0.015949
0.411175 0.368198 -0.833886 -0.019705
0.160117 0.871398 0.463712 -16.810922
0.000000 0.000000 0.000000 1.000000

Pose 19:
0.897991 -0.412887 -0.152108 0.015719
0.372624 0.897427 -0.236169 -0.022010
0.234017 0.155399 0.959733 -18.695495
0.000000 0.000000 0.000000 1.000000

Pose 20:
0.936325 0.103378 -0.335572 0.014505
0.151382 0.743457 0.651426 -0.023980
0.316826 -0.660746 0.680467 -20.634276
0.000000 0.000000 0.000000 1.000000

Pose 21:
0.925590 0.377886 -0.022036 0.012200
0.095424 -0.176603 0.979646 -0.025643
0.366303 -0.908853 -0.199521 -22.698135
0.000000 0.000000 0.000000 1.000000

Pose 22:
0.825635 0.362198 0.432596 0.008628
0.243588 -0.920428 0.305742 -0.026946
0.508913 -0.147056 -0.848164 -24.891942
0.000000 0.000000 0.000000 1.000000

Pose 23:
0.830052 0.031402 0.556801 0.003694
0.428166 -0.675611 -0.600186 -0.028349
0.357334 0.736589 -0.574238 -27.143188
0.000000 0.000000 0.000000 1.000000

Pose 24:
0.778702 -0.399694 0.483598 -0.003035
0.580315 0.165910 -0.797314 -0.029849
0.238448 0.901509 0.361143 -29.468817
0.000000 0.000000 0.000000 1.000000

Pose 25:
0.793692 -0.608020 -0.019123 -0.012210
0.574857 0.759943 -0.303359 -0.031321
0.198980 0.229781 0.952684 -31.898757
0.000000 0.000000 0.000000 1.000000

Pose 26:
0.785627 -0.187211 -0.589697 -0.024012
0.564983 0.605538 0.560461 -0.032453
0.252159 -0.773482 0.581499 -34.430027
0.000000 0.000000 0.000000 1.000000

Pose 27:
0.776505 0.599355 -0.194457 -0.038827
0.333125 -0.128529 0.934081 -0.032893
0.534853 -0.790098 -0.299463 -37.123545
0.000000 0.000000 0.000000 1.000000

Pose 28:
0.539748 0.622990 0.566176 -0.055784
0.339926 -0.776580 0.530447 -0.032589
0.770144 -0.093850 -0.630928 -39.885359
0.000000 0.000000 0.000000 1.000000

Pose 29:
0.379415 -0.249768 0.890876 -0.074358
0.565270 -0.699698 -0.436912 -0.031300
0.732471 0.669357 -0.124289 -42.697619
0.000000 0.000000 0.000000 1.000000

Pose 30:
0.494002 -0.865143 0.086541 -0.095499
0.408356 0.142990 -0.901554 -0.030004
0.767598 0.480709 0.423924 -45.669525
0.000000 0.000000 0.000000 1.000000

Pose 31:
0.622478 -0.524777 -0.580629 -0.118761
0.337492 0.849352 -0.405833 -0.027882
0.706130 0.056664 0.705811 -48.761117
0.000000 0.000000 0.000000 1.000000

Pose 32:
0.545294 0.534517 -0.645714 -0.143152
0.143595 0.699365 0.700192 -0.024907
0.825854 -0.474532 0.304606 -51.874514
0.000000 0.000000 0.000000 1.000000

Pose 33:
0.404767 0.864467 -0.298095 -0.169305
0.371578 0.142371 0.917420 -0.021435
0.835520 -0.482107 -0.263590 -55.091532
0.000000 0.000000 0.000000 1.000000

Pose 34:
0.170007 0.706932 0.686546 -0.197814
0.676984 -0.590047 0.439929 -0.017633
0.716094 0.389989 -0.578894 -58.490801
0.000000 0.000000 0.000000 1.000000

Pose 35:
0.255001 -0.044163 0.965932 -0.227273
0.847955 -0.469873 -0.245339 -0.013409
0.464700 0.881628 -0.082370 -61.930186
0.000000 0.000000 0.000000 1.000000

Pose 36:
0.416239 -0.766254 0.489490 -0.257591
0.852003 0.140679 -0.504282 -0.008845
0.317547 0.626949 0.711406 -65.427803
0.000000 0.000000 0.000000 1.000000

Pose 37:
0.530402 -0.806520 -0.261151 -0.288418
0.802148 0.577136 -0.153208 -0.004402
0.274284 -0.128220 0.953062 -69.012466
0.000000 0.000000 0.000000 1.000000

Pose 38:
0.799515 -0.040355 -0.599290 -0.319361
0.507381 0.579368 0.637885 0.000243
0.321467 -0.814066 0.483689 -72.689775
0.000000 0.000000 0.000000 1.000000

Pose 39:
0.552690 0.678757 -0.483553 -0.350615
0.620494 0.052193 0.782473 0.004459
0.556347 -0.732506 -0.392318 -76.566463
0.000000 0.000000 0.000000 1.000000

Pose 40:
0.503540 0.844274 0.183437 -0.380667
0.703801 -0.523984 0.479693 0.007955
0.501110 -0.112441 -0.858048 -80.536562
0.000000 0.000000 0.000000 1.000000

Pose 41:
0.619854 0.271268 0.736338 -0.408996
0.692540 -0.630363 -0.350758 0.010872
0.369011 0.727362 -0.578598 -84.506470
0.000000 0.000000 0.000000 1.000000

Pose 42:
0.764723 -0.342095 0.546050 -0.436514
0.623795 0.180657 -0.760423 0.013431
0.161489 0.922136 0.351550 -88.622824
0.000000 0.000000 0.000000 1.000000

Pose 43:
0.887520 -0.346320 -0.303926 -0.463350
0.298146 0.934544 -0.194259 0.015422
0.351308 0.081795 0.932680 -92.899911
0.000000 0.000000 0.000000 1.000000

Pose 44:
0.850738 0.268443 -0.451866 -0.488471
0.100397 0.760901 0.641053 0.017036
0.515912 -0.590735 0.620377 -97.209276
0.000000 0.000000 0.000000 1.000000

Pose 45:
0.813017 0.573532 0.100320 -0.512307
-0.063984 -0.083248 0.994473 0.018637
0.578713 -0.814942 -0.030985 -101.562741
0.000000 0.000000 0.000000 1.000000

Pose 46:
0.702793 0.355018 0.616477 -0.535970
0.011903 -0.872323 0.488785 0.020093
0.711294 -0.336177 -0.617289 -106.125283
0.000000 0.000000 0.000000 1.000000

Pose 47:
0.632382 -0.227409 0.740526 -0.559483
0.187755 -0.882443 -0.431327 0.021034
0.751559 0.411801 -0.515344 -110.793313
0.000000 0.000000 0.000000 1.000000

Pose 48:
0.722154 -0.599321 0.345409 -0.582372
0.077583 -0.426015 -0.901384 0.022208
0.687368 0.677735 -0.261151 -115.440731
0.000000 0.000000 0.000000 1.000000

Pose 49:
0.888065 -0.453851 -0.073206 -0.605393
0.182321 0.493890 -0.850195 0.023096
0.422018 0.741682 0.521353 -120.231166
0.000000 0.000000 0.000000 1.000000

Pose 50:
0.934058 -0.171151 -0.313438 -0.628578
0.144155 0.983693 -0.107550 0.023879
0.326735 0.055274 0.943498 -125.202289
0.000000 0.000000 0.000000 1.000000

Pose 51:
0.953216 0.205431 -0.221761 -0.650490
0.012366 0.706488 0.707617 0.025058
0.302038 -0.677254 0.670896 -130.045495
0.000000 0.000000 0.000000 1.000000

Pose 52:
0.910100 0.372818 0.180898 -0.673028
-0.026334 -0.383626 0.923113 0.027714
0.413550 -0.844889 -0.339321 -135.225111
0.000000 0.000000 0.000000 1.000000

Pose 53:
0.939270 0.156694 0.305317 -0.695058
0.103824 -0.977730 0.182386 0.031527
0.327096 -0.139611 -0.934621 -140.369692
0.000000 0.000000 0.000000 1.000000

Pose 54:
0.842740 0.105901 0.527801 -0.716793
0.423800 -0.735086 -0.529190 0.036164
0.331937 0.669651 -0.664368 -145.605101
0.000000 0.000000 0.000000 1.000000

Pose 55:
0.901372 -0.198432 0.384908 -0.738780
0.421829 0.603325 -0.676801 0.041392
-0.097926 0.772414 0.627524 -151.088079
0.000000 0.000000 0.000000 1.000000

Pose 56:
0.936404 0.333636 0.108783 -0.760459
-0.350917 0.888424 0.295906 0.045423
0.002079 -0.315262 0.949002 -156.612554
0.000000 0.000000 0.000000 1.000000

Pose 57:
0.795199 0.447901 0.408708 -0.781558
-0.548608 0.244397 0.799562 0.047637
0.258238 -0.860032 0.440067 -162.121736
0.000000 0.000000 0.000000 1.000000

Pose 58:
0.716791 0.337898 0.609947 -0.802870
-0.553829 -0.255587 0.792432 0.048013
0.423656 -0.905815 0.003935 -167.841779
0.000000 0.000000 0.000000 1.000000

Pose 59:
0.573579 -0.181423 0.798807 -0.823972
-0.458968 -0.878898 0.129947 0.046838
0.678494 -0.441162 -0.587385 -173.709322
0.000000 0.000000 0.000000 1.000000

Pose 60:
0.376886 -0.804505 0.459051 -0.844249
-0.501961 -0.593910 -0.628734 0.044343
0.778455 0.006535 -0.627667 -179.542199
0.000000 0.000000 0.000000 1.000000

Pose 61:
0.366101 -0.864060 -0.345501 -0.863961
-0.355812 0.213090 -0.909940 0.041627
0.859865 0.456063 -0.229430 -185.463870
0.000000 0.000000 0.000000 1.000000

Pose 62:
0.517315 0.001791 -0.855793 -0.883621
-0.427854 0.866594 -0.256818 0.040336
0.741165 0.499010 0.449069 -191.647353
0.000000 0.000000 0.000000 1.000000

Pose 63:
0.236255 0.876284 -0.419892 -0.902750
-0.514465 0.479393 0.710991 0.041686
0.824324 0.048045 0.564076 -197.848169
0.000000 0.000000 0.000000 1.000000

Pose 64:
-0.303370 0.825413 0.476088 -0.921148
-0.476006 -0.564102 0.674690 0.045024
0.825461 -0.021940 0.564033 -203.981442
0.000000 0.000000 0.000000 1.000000

Pose 65:
-0.451397 0.050299 0.890904 -0.939806
-0.096647 -0.995292 0.007224 0.048712
0.887074 -0.082843 0.454134 -210.351858
0.000000 0.000000 0.000000 1.000000

Pose 66:
-0.278308 -0.684093 0.674212 -0.957927
0.156674 -0.724876 -0.670826 0.052283
0.947627 -0.081065 0.308919 -216.744930
0.000000 0.000000 0.000000 1.000000

Pose 67:
-0.006117 -0.974184 -0.225671 -0.976400
0.336904 0.210473 -0.917713 0.055352
0.941519 -0.081643 0.326919 -223.400929
0.000000 0.000000 0.000000 1.000000

Pose 68:
0.199967 -0.144019 -0.969160 -0.994764
0.053693 0.989263 -0.135928 0.057871
0.978330 -0.024856 0.205552 -230.141858
0.000000 0.000000 0.000000 1.000000

Pose 69:
-0.083816 0.646586 -0.758222 -1.012623
0.044873 0.762577 0.645339 0.059568
0.995470 0.020066 -0.092931 -236.817411
0.000000 0.000000 0.000000 1.000000

Pose 70:
-0.087935 0.991602 -0.094829 -1.030783
0.291660 0.116655 0.949382 0.060802
0.952471 0.055827 -0.299469 -243.679550
0.000000 0.000000 0.000000 1.000000

Pose 71:
-0.513551 0.507078 0.692198 -1.049092
0.116278 -0.758133 0.641649 0.061394
0.850144 0.410007 0.330378 -250.727856
0.000000 0.000000 0.000000 1.000000

Pose 72:
-0.613413 -0.326733 0.719006 -1.067216
0.423560 -0.904505 -0.049671 0.061114
0.666574 0.274074 0.693226 -257.769970
0.000000 0.000000 0.000000 1.000000

Pose 73:
-0.556222 -0.825895 -0.092277 -1.085339
0.697527 -0.403617 -0.592072 0.060374
0.451744 -0.393689 0.800585 -264.823581
0.000000 0.000000 0.000000 1.000000

Pose 74:
-0.231192 -0.239084 -0.943074 -1.103717
0.827494 0.461466 -0.319847 0.059246
0.511667 -0.854335 0.091153 -272.177059
0.000000 0.000000 0.000000 1.000000

Pose 75:
-0.175338 0.654821 -0.735163 -1.122061
0.711641 0.600302 0.364970 0.057765
0.680311 -0.459180 -0.571254 -279.604406
0.000000 0.000000 0.000000 1.000000

Pose 76:
-0.537395 0.833395 0.129073 -1.140289
0.654891 0.315969 0.686499 0.055860
0.531342 0.453449 -0.715583 -286.955357
0.000000 0.000000 0.000000 1.000000

Pose 77:
-0.695267 0.480397 0.534624 -1.158566
0.511667 -0.191574 0.837554 0.053630
0.504778 0.855873 -0.112608 -294.411449
0.000000 0.000000 0.000000 1.000000

Pose 78:
-0.882406 -0.268460 0.386381 -1.175988
0.451346 -0.714885 0.534065 0.052758
0.132843 0.645654 0.751987 -301.958878
0.000000 0.000000 0.000000 1.000000

Pose 79:
-0.666481 -0.668047 -0.330931 -1.192214
0.663837 -0.733807 0.144389 0.052707
-0.339299 -0.123452 0.932543 -309.723910
0.000000 0.000000 0.000000 1.000000

Pose 80:
-0.479008 -0.256271 -0.839569 -1.207252
0.866831 -0.288893 -0.406380 0.052901
-0.138402 -0.922424 0.360526 -317.679562
0.000000 0.000000 0.000000 1.000000

Pose 81:
-0.493963 0.304390 -0.814461 -1.220796
0.852665 0.352926 -0.385234 0.052613
0.170183 -0.884754 -0.433875 -325.556902
0.000000 0.000000 0.000000 1.000000

Pose 82:
-0.632252 0.766021 -0.116055 -1.233531
0.738838 0.641217 0.207267 0.053355
0.233188 0.045299 -0.971376 -333.498865
0.000000 0.000000 0.000000 1.000000

Pose 83:
-0.750122 0.474930 0.460173 -1.246023
0.625287 0.282879 0.727321 0.054350
0.215253 0.833319 -0.509161 -341.778004
0.000000 0.000000 0.000000 1.000000

Pose 84:
-0.727108 -0.561407 0.395141 -1.258294
0.582766 -0.200482 0.787522 0.054846
-0.362901 0.802888 0.472941 -350.071529
0.000000 0.000000 0.000000 1.000000

Pose 85:
-0.334050 -0.921399 -0.198579 -1.270205
0.778099 -0.388478 0.493605 0.055185
-0.531951 0.010375 0.846711 -358.288872
0.000000 0.000000 0.000000 1.000000

Pose 86:
-0.069265 -0.544414 -0.835952 -1.282280
0.935375 -0.326755 0.135296 0.055155
-0.346809 -0.772557 0.531864 -366.743188
0.000000 0.000000 0.000000 1.000000

Pose 87:
0.069428 0.586973 -0.806624 -1.295413
0.997587 -0.040901 0.056101 0.054636
-0.000063 -0.808573 -0.588396 -375.405521
0.000000 0.000000 0.000000 1.000000

Pose 88:
-0.086928 0.981537 0.170377 -1.308916
0.987385 0.062168 0.145626 0.053876
0.132345 0.180887 -0.974559 -383.967855
0.000000 0.000000 0.000000 1.000000

Pose 89:
-0.348520 0.358418 0.866066 -1.323548
0.889258 -0.165587 0.426381 0.052977
0.296232 0.918759 -0.261016 -392.597814
0.000000 0.000000 0.000000 1.000000

Pose 90:
-0.652740 -0.494192 0.574199 -1.339985
0.756195 -0.379189 0.533277 0.052739
-0.045811 0.782298 0.621218 -401.542176
0.000000 0.000000 0.000000 1.000000

Pose 91:
-0.572726 -0.780181 -0.251600 -1.358491
0.751999 -0.622212 0.217601 0.052638
-0.326316 -0.064577 0.943052 -410.525747
0.000000 0.000000 0.000000 1.000000

Pose 92:
-0.343025 -0.447522 -0.825868 -1.378564
0.834324 -0.549092 -0.048995 0.052388
-0.431551 -0.705848 0.561731 -419.333430
0.000000 0.000000 0.000000 1.000000

Pose 93:
-0.036225 0.456684 -0.888891 -1.401294
0.982705 -0.145358 -0.114729 0.052344
-0.181602 -0.877674 -0.443520 -428.458320
0.000000 0.000000 0.000000 1.000000

Pose 94:
-0.102831 0.988524 -0.110661 -1.425535
0.967713 0.125158 0.218785 0.052214
0.230124 -0.084590 -0.969478 -437.553151
0.000000 0.000000 0.000000 1.000000

Pose 95:
-0.304836 0.610243 0.731217 -1.451662
0.946844 0.111336 0.301812 0.051908
0.102768 0.784352 -0.611744 -446.924459
0.000000 0.000000 0.000000 1.000000

Pose 96:
-0.476646 -0.303816 0.824927 -1.478756
0.878748 -0.191028 0.437390 0.052149
0.024698 0.933383 0.358031 -456.499813
0.000000 0.000000 0.000000 1.000000

Pose 97:
-0.286666 -0.944083 0.162880 -1.505230
0.928568 -0.231965 0.289747 0.052601
-0.235762 0.234306 0.943142 -465.896768
0.000000 0.000000 0.000000 1.000000

Pose 98:
-0.234783 -0.828793 -0.507916 -1.531525
0.968181 -0.245949 -0.046211 0.053097
-0.086622 -0.502604 0.860166 -475.437413
0.000000 0.000000 0.000000 1.000000

Pose 99:
-0.164845 -0.157004 -0.973743 -1.557840
0.985235 0.020064 -0.170025 0.053978
0.046232 -0.987394 0.151379 -485.296039
0.000000 0.000000 0.000000 1.000000

Pose 100:
-0.116347 0.794102 -0.596545 -1.583041
0.992295 0.118701 -0.035521 0.054919
0.042603 -0.596081 -0.801793 -495.155629
0.000000 0.000000 0.000000 1.000000

Pose 101:
-0.261281 0.848132 0.460873 -1.607304
0.946849 0.318011 -0.048433 0.055992
-0.187640 0.423723 -0.886143 -504.938960
0.000000 0.000000 0.000000 1.000000

Pose 102:
-0.329233 0.012817 0.944162 -1.631583
0.842601 0.455289 0.287638 0.057263
-0.426179 0.890252 -0.160696 -515.019733
0.000000 0.000000 0.000000 1.000000

Pose 103:
-0.070811 -0.857849 0.509001 -1.655735
0.773601 0.274906 0.570936 0.058302
-0.629704 0.434192 0.644166 -525.277339
0.000000 0.000000 0.000000 1.000000

Pose 104:
0.308414 -0.921684 -0.235329 -1.678995
0.779020 0.102751 0.618523 0.058842
-0.545902 -0.374087 0.749700 -535.387814
0.000000 0.000000 0.000000 1.000000

Pose 105:
0.447676 -0.130830 -0.884573 -1.702042
0.853237 -0.233468 0.466347 0.059308
-0.267532 -0.963523 0.007111 -545.590436
0.000000 0.000000 0.000000 1.000000

Pose 106:
0.276003 0.669719 -0.689419 -1.725109
0.941495 -0.332721 0.053705 0.059891
-0.193417 -0.663907 -0.722369 -555.860719
0.000000 0.000000 0.000000 1.000000

Pose 107:
-0.013859 0.983735 0.179092 -1.748148
0.999432 0.019133 -0.027753 0.060470
-0.030729 0.178605 -0.983441 -566.331116
0.000000 0.000000 0.000000 1.000000

Pose 108:
-0.107582 0.410384 0.905545 -1.771416
0.968551 0.248804 0.002312 0.061070
-0.224354 0.877315 -0.424244 -577.095626
0.000000 0.000000 0.000000 1.000000

Pose 109:
-0.020632 -0.574308 0.818379 -1.794108
0.901104 0.343918 0.264067 0.062109
-0.433111 0.742893 0.510416 -587.784824
0.000000 0.000000 0.000000 1.000000

Pose 110:
0.227312 -0.973785 -0.008490 -1.816371
0.845360 0.192990 0.498118 0.063172
-0.483422 -0.120405 0.867068 -598.454546
0.000000 0.000000 0.000000 1.000000

Pose 111:
0.337161 -0.490549 -0.803545 -1.838842
0.835697 -0.237077 0.495383 0.064115
-0.433512 -0.838544 0.330018 -609.487810
0.000000 0.000000 0.000000 1.000000

Pose 112:
0.339714 0.535395 -0.773270 -1.861112
0.896817 -0.432126 0.094796 0.064881
-0.283397 -0.725685 -0.626951 -620.605621
0.000000 0.000000 0.000000 1.000000

Pose 113:
0.074284 0.995005 0.066687 -1.882728
0.956449 -0.052157 -0.287201 0.065506
-0.282289 0.085117 -0.955546 -631.556335
0.000000 0.000000 0.000000 1.000000

Pose 114:
-0.102828 0.629492 0.770173 -1.904475
0.867341 0.435806 -0.240400 0.066302
-0.486976 0.643283 -0.590797 -642.708528
0.000000 0.000000 0.000000 1.000000

Pose 115:
-0.174239 -0.332430 0.926893 -1.926539
0.687366 0.632956 0.356222 0.066940
-0.705102 0.699183 0.118216 -654.190715
0.000000 0.000000 0.000000 1.000000

Pose 116:
0.107240 -0.985249 0.133355 -1.948228
0.410417 0.166035 0.896655 0.066734
-0.905570 -0.041427 0.422169 -665.532403
0.000000 0.000000 0.000000 1.000000

Pose 117:
0.266907 -0.629902 -0.729372 -1.969520
0.417961 -0.606288 0.676553 0.065465
-0.868372 -0.485426 0.101452 -676.900284
0.000000 0.000000 0.000000 1.000000

Pose 118:
0.311471 0.031947 -0.949718 -1.991656
0.468159 -0.874885 0.124108 0.064419
-0.826930 -0.483275 -0.287458 -688.576357
0.000000 0.000000 0.000000 1.000000

Pose 119:
0.115599 0.779201 -0.616021 -2.014615
0.663705 -0.522003 -0.535731 0.063820
-0.739008 -0.346927 -0.577503 -700.409445
0.000000 0.000000 0.000000 1.000000

Pose 120:
-0.113159 0.979361 0.167474 -2.037763
0.751038 0.194666 -0.630910 0.063559
-0.650490 0.054387 -0.757565 -711.838127
0.000000 0.000000 0.000000 1.000000

Pose 121:
-0.550308 0.273411 0.788928 -2.063395
0.726937 0.621714 0.291606 0.063655
-0.410760 0.733974 -0.540887 -723.805888
0.000000 0.000000 0.000000 1.000000

Pose 122:
-0.782998 -0.547957 0.294376 -2.089338
0.317356 0.055109 0.946704 0.064276
-0.534975 0.834690 0.130747 -735.618998
0.000000 0.000000 0.000000 1.000000

Pose 123:
-0.497651 -0.736514 -0.458137 -2.116143
0.270505 -0.633629 0.724804 0.065635
-0.824118 0.236771 0.514557 -747.715597
0.000000 0.000000 0.000000 1.000000

Pose 124:
-0.418332 -0.262716 -0.869470 -2.143074
0.492928 -0.869693 0.025618 0.067078
-0.762902 -0.417870 0.493321 -760.105371
0.000000 0.000000 0.000000 1.000000

Pose 125:
-0.691377 0.132537 -0.710234 -2.169386
0.570527 -0.502976 -0.649240 0.067462
-0.443279 -0.854078 0.272131 -772.259210
0.000000 0.000000 0.000000 1.000000

Pose 126:
-0.864654 0.389881 -0.316806 -2.195795
0.440273 0.284401 -0.851631 0.067135
-0.241935 -0.875848 -0.417563 -784.442697
0.000000 0.000000 0.000000 1.000000

Pose 127:
-0.871678 0.453903 -0.184796 -2.223071
0.452227 0.890290 0.053621 0.067587
0.188861 -0.036829 -0.981313 -797.242318
0.000000 0.000000 0.000000 1.000000

Pose 128:
-0.943236 0.329302 0.043187 -2.248646
0.177846 0.390980 0.903053 0.068332
0.280492 0.859474 -0.427352 -809.763067
0.000000 0.000000 0.000000 1.000000

Pose 129:
-0.998207 -0.009464 -0.059109 -2.273266
-0.052004 -0.351941 0.934576 0.069094
-0.029648 0.935974 0.350818 -822.255461
0.000000 0.000000 0.000000 1.000000

Pose 130:
-0.987520 -0.148071 -0.053659 -2.297577
0.116087 -0.914587 0.387369 0.069905
-0.106433 0.376306 0.920362 -835.102118
0.000000 0.000000 0.000000 1.000000

Pose 131:
-0.892529 -0.358557 -0.273547 -2.320841
0.450902 -0.697527 -0.556906 0.071470
0.008876 -0.620398 0.784237 -847.596019
0.000000 0.000000 0.000000 1.000000

Pose 132:
-0.851763 -0.206510 -0.481512 -2.345406
0.474563 0.085347 -0.876074 0.072932
0.222014 -0.974715 0.025307 -860.710737
0.000000 0.000000 0.000000 1.000000

Pose 133:
-0.885021 0.143587 -0.442856 -2.369776
0.327742 0.867751 -0.373623 0.073744
0.330641 -0.475806 -0.815037 -873.906310
0.000000 0.000000 0.000000 1.000000

Pose 134:
-0.949706 0.283710 -0.132540 -2.393251
0.172568 0.827366 0.534496 0.074745
0.261301 0.484742 -0.834714 -886.902681
0.000000 0.000000 0.000000 1.000000

Pose 135:
-0.995180 -0.085434 0.048149 -2.416392
0.016576 0.337368 0.941227 0.076513
-0.096657 0.937488 -0.334326 -900.093337
0.000000 0.000000 0.000000 1.000000

Pose 136:
-0.838093 -0.480989 -0.257389 -2.439562
0.095821 -0.594276 0.798532 0.079019
-0.537046 0.644581 0.544148 -913.685533
0.000000 0.000000 0.000000 1.000000

Pose 137:
-0.719318 -0.304199 -0.624536 -2.462035
0.434285 -0.898604 -0.062502 0.081959
-0.542197 -0.316186 0.778491 -927.107824
0.000000 0.000000 0.000000 1.000000

Pose 138:
-0.743511 0.229308 -0.628179 -2.484032
0.529171 -0.372592 -0.762334 0.085293
-0.408864 -0.899218 0.155683 -940.467515
0.000000 0.000000 0.000000 1.000000

Pose 139:
-0.829904 0.355435 -0.430030 -2.506587
0.556492 0.472530 -0.683397 0.088816
-0.039702 -0.806462 -0.589952 -954.283072
0.000000 0.000000 0.000000 1.000000

Pose 140:
-0.926142 0.298976 -0.229943 -2.528926
0.252413 0.944300 0.211151 0.092459
0.280264 0.137516 -0.950022 -968.190031
0.000000 0.000000 0.000000 1.000000

Pose 141:
-0.987585 0.101761 -0.119669 -2.550576
-0.011154 0.714455 0.699592 0.095149
0.156689 0.692241 -0.704450 -981.850829
0.000000 0.000000 0.000000 1.000000

Pose 142:
-0.956137 0.001396 -0.292915 -2.572312
-0.284760 -0.238790 0.928381 0.097466
-0.068649 0.971070 0.228714 -995.757495
0.000000 0.000000 0.000000 1.000000

Pose 143:
-0.923552 -0.145732 -0.354702 -2.594041
0.110034 -0.986787 0.118929 0.099009
-0.367347 0.070808 0.927385 -1010.026926
0.000000 0.000000 0.000000 1.000000

Pose 144:
-0.878593 0.036339 -0.476186 -2.615378
0.422130 -0.407207 -0.809931 0.099291
-0.223339 -0.912613 0.342430 -1024.120740
0.000000 0.000000 0.000000 1.000000

Pose 145:
-0.889928 0.100275 -0.444941 -2.635941
0.324939 0.823963 -0.464219 0.100189
0.320065 -0.557700 -0.765852 -1038.123932
0.000000 0.000000 0.000000 1.000000

Pose 146:
-0.875259 0.054164 -0.480612 -2.656370
-0.005015 0.992640 0.121000 0.100681
0.483628 0.108317 -0.868545 -1052.347590
0.000000 0.000000 0.000000 1.000000

Pose 147:
-0.876956 0.207844 -0.433301 -2.676418
-0.246605 0.579249 0.776953 0.100768
0.412474 0.788208 -0.456720 -1066.620886
0.000000 0.000000 0.000000 1.000000

Pose 148:
-0.861307 0.374594 -0.343263 -2.696916
-0.469362 -0.327923 0.819857 0.100625
0.194550 0.867264 0.458262 -1081.371965
0.000000 0.000000 0.000000 1.000000

Pose 149:
-0.988794 0.149222 0.004293 -2.717097
-0.147421 -0.971528 -0.185472 0.099339
-0.023506 -0.184027 0.982640 -1096.097536
0.000000 0.000000 0.000000 1.000000

Pose 150:
-0.998587 0.024425 -0.047200 -2.736618
0.031648 -0.440191 -0.897346 0.097091
-0.042695 -0.897572 0.438796 -1110.621335
0.000000 0.000000 0.000000 1.000000

Pose 151:
-0.937553 -0.302658 -0.171440 -2.755977
-0.006134 0.507179 -0.861819 0.095082
0.347787 -0.806950 -0.477364 -1125.497416
0.000000 0.000000 0.000000 1.000000

Pose 152:
-0.902297 -0.116688 -0.415023 -2.775651
-0.106733 0.993167 -0.047192 0.093737
0.417694 0.001716 -0.908586 -1140.622068
0.000000 0.000000 0.000000 1.000000

Pose 153:
-0.810525 -0.066254 -0.581944 -2.795076
-0.461037 0.684972 0.564144 0.093107
0.361239 0.725551 -0.585732 -1155.547700
0.000000 0.000000 0.000000 1.000000

Pose 154:
-0.748521 0.104750 -0.654786 -2.814078
-0.660569 -0.031398 0.750109 0.092161
0.058015 0.994003 0.092697 -1170.480643
0.000000 0.000000 0.000000 1.000000

Pose 155:
-0.842253 0.444944 -0.304359 -2.833379
-0.522786 -0.811929 0.259742 0.090476
-0.131548 0.377883 0.916460 -1185.937960
0.000000 0.000000 0.000000 1.000000

Pose 156:
-0.935802 0.267880 0.229162 -2.852276
-0.352413 -0.727351 -0.588868 0.088315
0.008935 -0.631823 0.775061 -1201.363646
0.000000 0.000000 0.000000 1.000000

Pose 157:
-0.967081 -0.066881 0.245520 -2.870824
-0.248151 0.034241 -0.968116 0.086245
0.056342 -0.997173 -0.049711 -1216.592749
0.000000 0.000000 0.000000 1.000000

Pose 158:
-0.775879 -0.628250 -0.057559 -2.888928
-0.474530 0.641281 -0.602976 0.084412
0.415731 -0.440524 -0.795680 -1231.921653
0.000000 0.000000 0.000000 1.000000

Pose 159:
-0.556910 -0.538100 -0.632692 -2.906643
-0.700410 0.713677 0.009539 0.082310
0.446405 0.448456 -0.774345 -1247.340663
0.000000 0.000000 0.000000 1.000000

Pose 160:
-0.433187 0.215038 -0.875276 -2.924523
-0.899115 -0.035462 0.436273 0.079955
0.062776 0.975962 0.208706 -1263.191436
0.000000 0.000000 0.000000 1.000000

Pose 161:
-0.628909 0.648847 -0.428335 -2.942294
-0.777285 -0.512438 0.365014 0.076708
0.017343 0.562499 0.826616 -1279.195946
0.000000 0.000000 0.000000 1.000000

Pose 162:
-0.791634 0.587388 0.168201 -2.959655
-0.610361 -0.772801 -0.173890 0.073078
0.027845 -0.240321 0.970294 -1294.928765
0.000000 0.000000 0.000000 1.000000

Pose 163:
-0.866169 -0.023647 0.499191 -2.976957
-0.435905 -0.452774 -0.777806 0.069664
0.244413 -0.891312 0.381871 -1310.799639
0.000000 0.000000 0.000000 1.000000

Pose 164:
-0.777357 -0.617614 0.119451 -2.994845
-0.406562 0.348365 -0.844600 0.066405
0.480024 -0.705120 -0.521903 -1327.195992
0.000000 0.000000 0.000000 1.000000

Pose 165:
-0.593407 -0.536151 -0.600342 -3.012289
-0.520995 0.824383 -0.221261 0.063274
0.613541 0.181477 -0.768527 -1343.406701
0.000000 0.000000 0.000000 1.000000

Pose 166:
-0.389686 0.076017 -0.917805 -3.029281
-0.800968 0.463884 0.378500 0.060384
0.454528 0.882628 -0.119882 -1359.476977
0.000000 0.000000 0.000000 1.000000

Pose 167:
-0.510138 0.629005 -0.586611 -3.046822
-0.858759 -0.334523 0.388108 0.056856
0.047887 0.701745 0.710817 -1376.115678
0.000000 0.000000 0.000000 1.000000

Pose 168:
-0.686067 0.721313 0.094973 -3.064723
-0.722300 -0.659663 -0.207672 0.053327
-0.087147 -0.211076 0.973577 -1392.758942
0.000000 0.000000 0.000000 1.000000

Pose 169:
-0.753000 0.267849 0.601039 -3.082905
-0.646816 -0.133447 -0.750880 0.050257
-0.120915 -0.954174 0.273735 -1409.128831
0.000000 0.000000 0.000000 1.000000

Pose 170:
-0.670416 -0.643116 0.370060 -3.102197
-0.728281 0.474938 -0.494005 0.048074
0.141947 -0.600696 -0.786775 -1425.712048
0.000000 0.000000 0.000000 1.000000

Pose 171:
-0.405066 -0.850412 -0.335738 -3.123461
-0.865562 0.474966 -0.158776 0.046485
0.294490 0.226288 -0.928477 -1442.721292
0.000000 0.000000 0.000000 1.000000

Pose 172:
-0.141199 -0.373379 -0.916870 -3.145979
-0.970605 0.234550 0.053959 0.045183
0.194905 0.897538 -0.395522 -1459.652210
0.000000 0.000000 0.000000 1.000000

Pose 173:
0.053207 0.609475 -0.791018 -3.169566
-0.988946 -0.077627 -0.126332 0.044573
-0.138401 0.788996 0.598607 -1476.301461
0.000000 0.000000 0.000000 1.000000

Pose 174:
-0.213997 0.966861 0.139228 -3.195444
-0.930013 -0.158062 -0.331803 0.043942
-0.298800 -0.200488 0.933018 -1493.328224
0.000000 0.000000 0.000000 1.000000

Pose 175:
-0.471163 0.267675 0.840449 -3.223325
-0.872857 -0.004313 -0.487957 0.043811
-0.126990 -0.963499 0.235674 -1510.291883
0.000000 0.000000 0.000000 1.000000

Pose 176:
-0.692593 -0.623957 0.361928 -3.254300
-0.670700 0.372389 -0.641473 0.044141
0.265473 -0.687025 -0.676402 -1527.797941
0.000000 0.000000 0.000000 1.000000

Pose 177:
-0.305525 -0.786376 -0.536906 -3.287286
-0.791512 0.523190 -0.315880 0.045292
0.529304 0.328458 -0.782274 -1545.365613
0.000000 0.000000 0.000000 1.000000

Pose 178:
-0.075728 -0.180523 -0.980651 -3.322177
-0.971591 0.234513 0.031858 0.046648
0.224224 0.955204 -0.193154 -1562.613151
0.000000 0.000000 0.000000 1.000000

Pose 179:
-0.153160 0.430815 -0.889348 -3.360625
-0.980924 -0.175302 0.084012 0.047709
-0.119711 0.885250 0.449446 -1580.174820
0.000000 0.000000 0.000000 1.000000

Pose 180:
-0.425614 0.904675 0.020410 -3.402711
-0.866050 -0.400697 -0.298999 0.047610
-0.262318 -0.144934 0.954035 -1598.107796
0.000000 0.000000 0.000000 1.000000

Pose 181:
-0.624070 0.545302 0.559627 -3.446190
-0.762154 -0.266964 -0.589789 0.046801
-0.172213 -0.794592 0.582209 -1615.835061
0.000000 0.000000 0.000000 1.000000

Pose 182:
-0.762009 -0.085359 0.641916 -3.490828
-0.647551 0.107231 -0.754440 0.046155
-0.004435 -0.990563 -0.136986 -1633.495064
0.000000 0.000000 0.000000 1.000000

Pose 183:
-0.708692 -0.671838 0.215380 -3.537858
-0.693693 0.607891 -0.386341 0.045709
0.128632 -0.423204 -0.896857 -1651.703364
0.000000 0.000000 0.000000 1.000000

Pose 184:
-0.491394 -0.630046 -0.601310 -3.585375
-0.868406 0.407051 0.283162 0.044990
0.066359 0.661325 -0.747158 -1669.947978
0.000000 0.000000 0.000000 1.000000

Pose 185:
-0.520293 0.041761 -0.852966 -3.631577
-0.842740 -0.186680 0.504915 0.044155
-0.138146 0.981533 0.132322 -1687.595432
0.000000 0.000000 0.000000 1.000000

Pose 186:
-0.706193 0.570686 -0.419057 -3.679952
-0.621426 -0.783232 -0.019409 0.043048
-0.339296 0.246707 0.907752 -1705.978692
0.000000 0.000000 0.000000 1.000000

Pose 187:
-0.896937 0.426710 0.115856 -3.727512
-0.363876 -0.563490 -0.741670 0.041710
-0.251194 -0.707388 0.660684 -1724.090603
0.000000 0.000000 0.000000 1.000000

Pose 188:
-0.965926 -0.017639 0.258216 -3.775648
-0.255361 0.227457 -0.939709 0.040115
-0.042158 -0.973628 -0.224211 -1742.619927
0.000000 0.000000 0.000000 1.000000

Pose 189:
-0.846023 -0.461315 0.267270 -3.824112
-0.523362 0.814206 -0.251319 0.038287
-0.101676 -0.352500 -0.930272 -1761.463145
0.000000 0.000000 0.000000 1.000000

Pose 190:
-0.856145 -0.408405 -0.316578 -3.871359
-0.486969 0.842612 0.229925 0.036396
0.172850 0.351013 -0.920279 -1779.995168
0.000000 0.000000 0.000000 1.000000

Pose 191:
-0.704431 -0.158518 -0.691845 -3.918613
-0.709421 0.187937 0.679265 0.035314
0.022348 0.969305 -0.244844 -1798.539076
0.000000 0.000000 0.000000 1.000000

Pose 192:
-0.554606 0.266928 -0.788138 -3.967920
-0.688816 -0.678657 0.254866 0.034537
-0.466844 0.684233 0.560252 -1817.729652
0.000000 0.000000 0.000000 1.000000

Pose 193:
-0.599618 0.677812 -0.425474 -4.017042
-0.523147 -0.734315 -0.432550 0.032702
-0.605620 -0.036780 0.794904 -1836.793842
0.000000 0.000000 0.000000 1.000000

Pose 194:
-0.673927 0.722352 0.155018 -4.065900
-0.383500 -0.162697 -0.909097 0.030944
-0.631467 -0.672115 0.386667 -1855.578415
0.000000 0.000000 0.000000 1.000000

Pose 195:
-0.823504 0.219697 0.523043 -4.116654
-0.305872 0.604540 -0.735509 0.029573
-0.477790 -0.765679 -0.430642 -1874.822893
0.000000 0.000000 0.000000 1.000000

Pose 196:
-0.753829 -0.576977 0.314388 -4.169260
-0.519455 0.816311 0.252593 0.028378
-0.402379 0.027102 -0.915072 -1894.389974
0.000000 0.000000 0.000000 1.000000

Pose 197:
-0.691653 -0.675707 -0.255020 -4.221646
-0.626396 0.385473 0.677524 0.027793
-0.359504 0.628355 -0.689874 -1913.543454
0.000000 0.000000 0.000000 1.000000

Pose 198:
-0.316127 -0.537026 -0.782092 -4.274968
-0.544409 -0.572447 0.613126 0.027845
-0.776970 0.619603 -0.111396 -1932.788480
0.000000 0.000000 0.000000 1.000000

Pose 199:
-0.357743 0.220357 -0.907449 -4.328844
-0.320416 -0.941730 -0.102364 0.028034
-0.877128 0.254141 0.407503 -1952.089179
0.000000 0.000000 0.000000 1.000000

Pose 200:
-0.293062 0.865224 -0.406819 -4.383722
-0.020801 -0.431171 -0.902031 0.027895
-0.955867 -0.255889 0.144357 -1971.649567
0.000000 0.000000 0.000000 1.000000

Pose 201:
-0.405047 0.880321 0.246925 -4.440018
0.012183 0.275244 -0.961297 0.026496
-0.914215 -0.386362 -0.122212 -1991.711623
0.000000 0.000000 0.000000 1.000000

Pose 202:
-0.555635 0.321507 0.766749 -4.495558
-0.242068 0.819700 -0.519128 0.024860
-0.795407 -0.474051 -0.377628 -2011.552405
0.000000 0.000000 0.000000 1.000000

Pose 203:
-0.486057 -0.594470 0.640589 -4.550046
-0.517473 0.786460 0.337198 0.023202
-0.704252 -0.167590 -0.689886 -2031.214982
0.000000 0.000000 0.000000 1.000000

Pose 204:
-0.179090 -0.863946 -0.470663 -4.605918
-0.666602 -0.245290 0.703899 0.022096
-0.723580 0.439806 -0.531980 -2051.464319
0.000000 0.000000 0.000000 1.000000

Pose 205:
0.186129 0.085417 -0.978805 -4.661465
-0.534496 -0.827104 -0.173818 0.019700
-0.824421 0.555520 -0.108293 -2071.872114
0.000000 0.000000 0.000000 1.000000

Pose 206:
0.169039 0.946124 -0.276179 -4.715780
-0.171046 -0.247799 -0.953593 0.016209
-0.970654 0.208434 0.119943 -2091.847853
0.000000 0.000000 0.000000 1.000000

Pose 207:
-0.265425 0.724792 0.635787 -4.770903
-0.216237 0.597889 -0.771862 0.012082
-0.939569 -0.342353 -0.001968 -2112.094465
0.000000 0.000000 0.000000 1.000000

Pose 208:
0.013850 0.281422 0.959484 -4.826666
-0.168297 0.946543 -0.275197 0.008663
-0.985639 -0.157667 0.060472 -2132.861954
0.000000 0.000000 0.000000 1.000000

Pose 209:
-0.006260 -0.516841 0.856058 -4.881520
-0.014313 0.856034 0.516722 0.006635
-0.999878 -0.009018 -0.012757 -2153.350840
0.000000 0.000000 0.000000 1.000000

Pose 210:
0.313159 -0.939234 -0.140607 -4.935724
0.067411 -0.125697 0.989776 0.005715
-0.947305 -0.319435 0.023951 -2173.733551
0.000000 0.000000 0.000000 1.000000

Pose 211:
0.722086 -0.056174 -0.689519 -4.991019
0.103423 -0.976732 0.187880 0.004740
-0.684029 -0.206977 -0.699474 -2194.663449
0.000000 0.000000 0.000000 1.000000

Pose 212:
0.692539 0.645371 -0.322313 -5.046252
0.381539 -0.706883 -0.595604 0.002660
-0.612223 0.289505 -0.735778 -2215.742102
0.000000 0.000000 0.000000 1.000000

Pose 213:
0.662947 0.705731 0.249889 -5.099948
0.346154 0.007017 -0.938152 0.000443
-0.663836 0.708445 -0.239640 -2236.396931
0.000000 0.000000 0.000000 1.000000

Pose 214:
0.487943 0.239781 0.839295 -5.153167
0.218920 0.897179 -0.383592 -0.001530
-0.844977 0.370910 0.385279 -2257.199474
0.000000 0.000000 0.000000 1.000000

Pose 215:
0.453053 -0.410917 0.791132 -5.205646
-0.119184 0.851548 0.510550 -0.003429
-0.883481 -0.325597 0.336821 -2278.072406
0.000000 0.000000 0.000000 1.000000

Pose 216:
0.616923 -0.786519 0.028185 -5.258510
-0.292198 -0.195644 0.936132 -0.005756
-0.730771 -0.585757 -0.350516 -2299.296036
0.000000 0.000000 0.000000 1.000000

Pose 217:
0.706464 -0.276552 -0.651481 -5.311096
-0.063584 -0.941575 0.330746 -0.007824
-0.704887 -0.192236 -0.682774 -2320.983933
0.000000 0.000000 0.000000 1.000000

Pose 218:
0.490527 0.592834 -0.638695 -5.361197
0.168432 -0.783610 -0.597985 -0.009638
-0.854994 0.185751 -0.484234 -2342.206751
0.000000 0.000000 0.000000 1.000000

Pose 219:
0.023435 0.999325 -0.028290 -5.410066
0.316054 -0.034252 -0.948123 -0.011968
-0.948452 0.013278 -0.316643 -2363.481038
0.000000 0.000000 0.000000 1.000000

Pose 220:
-0.048471 0.724875 0.687173 -5.458770
0.312805 0.664391 -0.678777 -0.016265
-0.948580 0.182050 -0.258948 -2385.432896
0.000000 0.000000 0.000000 1.000000

Pose 221:
0.066763 -0.123648 0.990078 -5.505736
0.087737 0.989175 0.117619 -0.021696
-0.993904 0.079014 0.076889 -2407.266508
0.000000 0.000000 0.000000 1.000000

Pose 222:
0.141170 -0.894612 0.423958 -5.550657
-0.125725 0.408579 0.904022 -0.026875
-0.981970 -0.180923 -0.054797 -2428.792525
0.000000 0.000000 0.000000 1.000000

Pose 223:
0.356495 -0.792422 -0.494953 -5.594752
-0.371753 -0.606326 0.702971 -0.032527
-0.857153 -0.066605 -0.510738 -2450.749357
0.000000 0.000000 0.000000 1.000000

Pose 224:
0.697080 0.087981 -0.711575 -5.637613
-0.210875 -0.923391 -0.320750 -0.038076
-0.685282 0.373642 -0.625124 -2473.079882
0.000000 0.000000 0.000000 1.000000

Pose 225:
0.630895 0.696945 -0.340937 -5.676766
-0.077245 -0.380822 -0.921416 -0.043485
-0.772013 0.607653 -0.186423 -2494.398094
0.000000 0.000000 0.000000 1.000000

Pose 226:
0.320314 0.810677 0.490103 -5.716834
-0.006495 0.519229 -0.854610 -0.049288
-0.947289 0.270560 0.171581 -2516.937709
0.000000 0.000000 0.000000 1.000000

Pose 227:
0.303359 0.067975 0.950449 -5.755103
-0.320556 0.946597 0.034614 -0.054890
-0.897339 -0.315172 0.308948 -2538.941906
0.000000 0.000000 0.000000 1.000000

Pose 228:
0.345668 -0.745873 0.569375 -5.793542
-0.483333 0.378568 0.789351 -0.060629
-0.804302 -0.548051 -0.229646 -2561.187086
0.000000 0.000000 0.000000 1.000000

Pose 229:
0.455008 -0.888768 0.055301 -5.832612
-0.701966 -0.319777 0.636386 -0.066233
-0.547916 -0.328380 -0.769386 -2583.986524
0.000000 0.000000 0.000000 1.000000

Pose 230:
0.603786 -0.305141 -0.736431 -5.871244
-0.656789 -0.713965 -0.242657 -0.071809
-0.451741 0.630193 -0.631496 -2606.634055
0.000000 0.000000 0.000000 1.000000

Pose 231:
0.743022 0.444457 -0.500375 -5.908984
-0.463621 -0.197382 -0.863768 -0.077454
-0.482673 0.873784 0.059401 -2629.017790
0.000000 0.000000 0.000000 1.000000

Pose 232:
0.557267 0.811137 0.177512 -5.947393
-0.528730 0.511485 -0.677367 -0.083409
-0.640233 0.283619 0.713907 -2651.986910
0.000000 0.000000 0.000000 1.000000

Pose 233:
0.482654 0.264119 0.835037 -5.985821
-0.618216 0.778100 0.111221 -0.090207
-0.620366 -0.569914 0.538836 -2675.192750
0.000000 0.000000 0.000000 1.000000

Pose 234:
0.348953 -0.503817 0.790190 -6.022747
-0.740003 0.369222 0.562201 -0.097164
-0.575002 -0.780925 -0.243985 -2697.896096
0.000000 0.000000 0.000000 1.000000

Pose 235:
0.595722 -0.802840 -0.023730 -6.059009
-0.714857 -0.543444 0.440054 -0.104545
-0.366189 -0.245187 -0.897658 -2720.837429
0.000000 0.000000 0.000000 1.000000

Pose 236:
0.662163 -0.337555 -0.669027 -6.095012
-0.485248 -0.873481 -0.039557 -0.112679
-0.571030 0.350837 -0.742185 -2744.369930
0.000000 0.000000 0.000000 1.000000

Pose 237:
0.591141 0.240950 -0.769737 -6.129134
-0.534033 -0.598265 -0.597400 -0.120631
-0.604451 0.764213 -0.224984 -2767.650313
0.000000 0.000000 0.000000 1.000000

Pose 238:
0.424220 0.893715 -0.145983 -6.161524
-0.539893 0.120188 -0.833109 -0.128222
-0.727016 0.432236 0.533497 -2790.689561
0.000000 0.000000 0.000000 1.000000

Pose 239:
0.213384 0.675428 0.705878 -6.192748
-0.720921 0.596482 -0.352820 -0.135719
-0.659348 -0.433597 0.614210 -2813.906819
0.000000 0.000000 0.000000 1.000000

Pose 240:
0.224099 -0.173345 0.959026 -6.222335
-0.880933 0.384845 0.275412 -0.143010
-0.416817 -0.906557 -0.066462 -2837.206749
0.000000 0.000000 0.000000 1.000000

Pose 241:
0.336966 -0.919864 0.200758 -6.250709
-0.877883 -0.229906 0.420078 -0.150294
-0.340259 -0.317794 -0.885003 -2861.167169
0.000000 0.000000 0.000000 1.000000

Pose 242:
0.623258 -0.542628 -0.563120 -6.277164
-0.754962 -0.605274 -0.252341 -0.157399
-0.203915 0.582407 -0.786906 -2885.154127
0.000000 0.000000 0.000000 1.000000

Pose 243:
0.595958 0.176059 -0.783478 -6.301502
-0.709313 -0.341964 -0.616389 -0.164469
-0.376443 0.923073 -0.078915 -2908.731407
0.000000 0.000000 0.000000 1.000000

Pose 244:
0.429613 0.857175 -0.284049 -6.325264
-0.661101 0.084283 -0.745548 -0.171761
-0.615125 0.508082 0.602888 -2932.628936
