Pose 0:
0.998517 0.004084 -0.054284 0.083303
0.001138 0.995399 0.095815 -0.005167
0.054426 -0.095734 0.993918 0.022997
0.000000 0.000000 0.000000 1.000000

Pose 1:
0.998517 0.002909 -0.054356 0.122001
0.002372 0.995298 0.096831 -0.001360
0.054382 -0.096816 0.993815 0.034925
0.000000 0.000000 0.000000 1.000000

Pose 2:
0.998440 0.001944 -0.055796 0.142637
0.003570 0.995125 0.098560 0.004689
0.055716 -0.098605 0.993566 0.041127
0.000000 0.000000 0.000000 1.000000

Pose 3:
0.998260 0.001050 -0.058965 0.175841
0.004969 0.994789 0.101833 0.029735
0.058764 -0.101949 0.993052 0.048203
0.000000 0.000000 0.000000 1.000000

Pose 4:
0.998151 0.001000 -0.060778 0.227639
0.005250 0.994709 0.102596 0.039003
0.060559 -0.102725 0.992865 0.053345
0.000000 0.000000 0.000000 1.000000

Pose 5:
0.998091 0.001276 -0.061752 0.284264
0.005229 0.994451 0.105069 0.050043
0.061544 -0.105192 0.992546 0.057010
0.000000 0.000000 0.000000 1.000000

Pose 6:
0.998079 0.001717 -0.061935 0.353622
0.004923 0.994258 0.106900 0.054830
0.061763 -0.107000 0.992339 0.064599
0.000000 0.000000 0.000000 1.000000

Pose 7:
0.998121 0.002618 -0.061220 0.438616
0.004121 0.993956 0.109701 0.068772
0.061137 -0.109747 0.992078 0.070304
0.000000 0.000000 0.000000 1.000000

Pose 8:
0.997954 0.003372 -0.063844 0.516200
0.003940 0.993466 0.114058 0.083071
0.063811 -0.114076 0.991421 0.077438
0.000000 0.000000 0.000000 1.000000

Pose 9:
0.997876 0.002921 -0.065080 0.609997
0.004745 0.993081 0.117337 0.095253
0.064972 -0.117397 0.990957 0.093059
0.000000 0.000000 0.000000 1.000000

Pose 10:
0.997794 0.002878 -0.066317 0.711019
0.005170 0.992655 0.120866 0.110304
0.066178 -0.120942 0.990451 0.103311
0.000000 0.000000 0.000000 1.000000

Pose 11:
0.997746 0.003231 -0.067026 0.810701
0.004879 0.992704 0.120482 0.119123
0.066927 -0.120537 0.990450 0.111489
0.000000 0.000000 0.000000 1.000000

Pose 12:
0.997733 0.003092 -0.067227 0.918436
0.004839 0.993061 0.117503 0.118654
0.067124 -0.117562 0.990794 0.118594
0.000000 0.000000 0.000000 1.000000

Pose 13:
0.997744 0.004169 -0.067004 1.037154
0.003480 0.993517 0.113629 0.115110
0.067043 -0.113605 0.991261 0.125422
0.000000 0.000000 0.000000 1.000000

Pose 14:
0.997555 0.004479 -0.069739 1.159265
0.003387 0.993672 0.112270 0.111860
0.069800 -0.112232 0.991227 0.137958
0.000000 0.000000 0.000000 1.000000

Pose 15:
0.997425 0.003815 -0.071619 1.285453
0.004388 0.993468 0.114028 0.119758
0.071587 -0.114049 0.990893 0.151701
0.000000 0.000000 0.000000 1.000000

Pose 16:
0.997428 0.001467 -0.071664 1.423346
0.006707 0.993494 0.113684 0.127154
0.071365 -0.113872 0.990929 0.159843
0.000000 0.000000 0.000000 1.000000

Pose 17:
0.997321 -0.001973 -0.073120 1.555132
0.010241 0.993556 0.112875 0.139612
0.072426 -0.113322 0.990915 0.166146
0.000000 0.000000 0.000000 1.000000

Pose 18:
0.997212 -0.007255 -0.074270 1.697830
0.015548 0.993620 0.111703 0.158859
0.072986 -0.112547 0.990962 0.174934
0.000000 0.000000 0.000000 1.000000

Pose 19:
0.997140 -0.015188 -0.074035 1.847637
0.023256 0.993730 0.109360 0.180048
0.071910 -0.110769 0.991241 0.179642
0.000000 0.000000 0.000000 1.000000

Pose 20:
0.997157 -0.024356 -0.071310 2.003147
0.031713 0.994080 0.103922 0.201405
0.068357 -0.105888 0.992026 0.179717
0.000000 0.000000 0.000000 1.000000

Pose 21:
0.997097 -0.034438 -0.067902 2.173855
0.041081 0.994240 0.098996 0.232845
0.064102 -0.101498 0.992768 0.180714
0.000000 0.000000 0.000000 1.000000

Pose 22:
0.996931 -0.046679 -0.062842 2.355410
0.052412 0.994294 0.092910 0.266025
0.058147 -0.095919 0.993689 0.181776
0.000000 0.000000 0.000000 1.000000

Pose 23:
0.996186 -0.061928 -0.061471 2.528836
0.067381 0.993567 0.091022 0.318674
0.055438 -0.094817 0.993950 0.188649
0.000000 0.000000 0.000000 1.000000

Pose 24:
0.994766 -0.079494 -0.064203 2.700080
0.085259 0.992037 0.092702 0.389086
0.056322 -0.097690 0.993622 0.201193
0.000000 0.000000 0.000000 1.000000

Pose 25:
0.992683 -0.102300 -0.064145 2.884634
0.107926 0.989946 0.091432 0.469142
0.054146 -0.097686 0.993743 0.205543
0.000000 0.000000 0.000000 1.000000

Pose 26:
0.989949 -0.127824 -0.060519 3.072221
0.132482 0.987911 0.080497 0.536507
0.049498 -0.087706 0.994916 0.195866
0.000000 0.000000 0.000000 1.000000

Pose 27:
0.986728 -0.153476 -0.053043 3.278867
0.157128 0.984848 0.073386 0.622877
0.040977 -0.080746 0.995892 0.173518
0.000000 0.000000 0.000000 1.000000

Pose 28:
0.983171 -0.177073 -0.044943 3.499591
0.180009 0.980957 0.072944 0.723883
0.031171 -0.079806 0.996323 0.162195
0.000000 0.000000 0.000000 1.000000

Pose 29:
0.979058 -0.199692 -0.039608 3.725198
0.202354 0.975894 0.081750 0.844778
0.022328 -0.088053 0.995866 0.164553
0.000000 0.000000 0.000000 1.000000

Pose 30:
0.974164 -0.223162 -0.034701 3.964710
0.225411 0.970253 0.088312 0.962004
0.013960 -0.093852 0.995488 0.154744
0.000000 0.000000 0.000000 1.000000

Pose 31:
0.969541 -0.243439 -0.026975 4.218721
0.244861 0.965982 0.083198 1.061130
0.005804 -0.087269 0.996168 0.128451
0.000000 0.000000 0.000000 1.000000

Pose 32:
0.965262 -0.260802 -0.015877 4.501062
0.261210 0.961743 0.082584 1.171422
-0.006268 -0.083862 0.996458 0.095320
0.000000 0.000000 0.000000 1.000000

Pose 33:
0.961075 -0.276173 -0.008006 4.784988
0.275913 0.957853 0.079933 1.282362
-0.014407 -0.079031 0.996768 0.091582
0.000000 0.000000 0.000000 1.000000

Pose 34:
0.957015 -0.289992 0.005114 5.090370
0.289046 0.955053 0.065780 1.381796
-0.023960 -0.061474 0.997821 0.084457
0.000000 0.000000 0.000000 1.000000

Pose 35:
0.953329 -0.301446 0.017156 5.402007
0.300371 0.952636 0.047568 1.471570
-0.030683 -0.040194 0.998721 0.070429
0.000000 0.000000 0.000000 1.000000

Pose 36:
0.950303 -0.310106 0.027549 5.715398
0.309211 0.950440 0.032432 1.570823
-0.036241 -0.022302 0.999094 0.072840
0.000000 0.000000 0.000000 1.000000

Pose 37:
0.947935 -0.316604 0.034361 6.041246
0.315993 0.948504 0.022093 1.684682
-0.039586 -0.010085 0.999165 0.088344
0.000000 0.000000 0.000000 1.000000

Pose 38:
0.946657 -0.319876 0.038981 6.376077
0.319346 0.947441 0.019317 1.802793
-0.043111 -0.005838 0.999053 0.100999
0.000000 0.000000 0.000000 1.000000

Pose 39:
0.947084 -0.318931 0.036273 6.711238
0.318198 0.947705 0.024590 1.929695
-0.042219 -0.011747 0.999039 0.106043
0.000000 0.000000 0.000000 1.000000

Pose 40:
0.949300 -0.312968 0.029675 7.053958
0.312241 0.949628 0.026704 2.050331
-0.036537 -0.016085 0.999203 0.087943
0.000000 0.000000 0.000000 1.000000

Pose 41:
0.951814 -0.305927 0.021437 7.406751
0.305242 0.951797 0.030144 2.161920
-0.029625 -0.022148 0.999316 0.050614
0.000000 0.000000 0.000000 1.000000

Pose 42:
0.954932 -0.296282 0.017954 7.775979
0.295679 0.954813 0.030092 2.263191
-0.026059 -0.023427 0.999386 0.020423
0.000000 0.000000 0.000000 1.000000

Pose 43:
0.958453 -0.284816 0.015759 8.158289
0.284438 0.958429 0.022555 2.347349
-0.021528 -0.017135 0.999621 -0.000775
0.000000 0.000000 0.000000 1.000000

Pose 44:
0.962458 -0.270912 0.016747 8.558817
0.270764 0.962588 0.010581 2.410295
-0.018987 -0.005649 0.999804 -0.012188
0.000000 0.000000 0.000000 1.000000

Pose 45:
0.965712 -0.258853 0.019878 8.978437
0.258889 0.965907 0.000816 2.473839
-0.019411 0.004358 0.999802 -0.016722
0.000000 0.000000 0.000000 1.000000

Pose 46:
0.968079 -0.249891 0.019409 9.395916
0.250017 0.968232 -0.004356 2.558761
-0.017704 0.009069 0.999802 -0.005974
0.000000 0.000000 0.000000 1.000000

Pose 47:
0.969211 -0.245652 0.016881 9.807002
0.245855 0.969242 -0.011214 2.647874
-0.013608 0.015019 0.999795 -0.000914
0.000000 0.000000 0.000000 1.000000

Pose 48:
0.969906 -0.243067 0.014167 10.217966
0.243302 0.969779 -0.018231 2.739962
-0.009307 0.021130 0.999733 0.002124
0.000000 0.000000 0.000000 1.000000

Pose 49:
0.970059 -0.242427 0.014618 10.635010
0.242729 0.969783 -0.024583 2.844182
-0.008217 0.027395 0.999591 -0.006686
0.000000 0.000000 0.000000 1.000000

Pose 50:
0.970355 -0.241185 0.015519 11.053569
0.241525 0.970044 -0.026090 2.949981
-0.008761 0.029065 0.999539 -0.015201
0.000000 0.000000 0.000000 1.000000

Pose 51:
0.970955 -0.238471 0.019449 11.481469
0.238903 0.970742 -0.024196 3.061632
-0.013110 0.028140 0.999518 -0.024346
0.000000 0.000000 0.000000 1.000000

Pose 52:
0.971147 -0.237231 0.024403 11.910487
0.237733 0.971121 -0.020199 3.176307
-0.018906 0.025417 0.999498 -0.049267
0.000000 0.000000 0.000000 1.000000

Pose 53:
0.970845 -0.236664 0.038083 12.361535
0.237425 0.971260 -0.016838 3.290871
-0.033004 0.025389 0.999133 -0.085589
0.000000 0.000000 0.000000 1.000000

Pose 54:
0.970914 -0.234307 0.049263 12.811775
0.235309 0.971796 -0.015536 3.405015
-0.044234 0.026676 0.998665 -0.122756
0.000000 0.000000 0.000000 1.000000

Pose 55:
0.971162 -0.232084 0.054602 13.262013
0.233131 0.972351 -0.013562 3.520925
-0.049945 0.025900 0.998416 -0.145527
0.000000 0.000000 0.000000 1.000000

Pose 56:
0.971882 -0.230736 0.046976 13.702815
0.231598 0.972715 -0.013744 3.632580
-0.042523 0.024237 0.998801 -0.134948
0.000000 0.000000 0.000000 1.000000

Pose 57:
0.972975 -0.229052 0.029225 14.131337
0.229615 0.973123 -0.017595 3.738256
-0.024410 0.023830 0.999418 -0.107258
0.000000 0.000000 0.000000 1.000000

Pose 58:
0.973782 -0.227244 0.010463 14.562795
0.227452 0.973397 -0.027634 3.825901
-0.003905 0.029289 0.999563 -0.078602
0.000000 0.000000 0.000000 1.000000

Pose 59:
0.974414 -0.224762 0.000238 15.013312
0.224651 0.973900 -0.032420 3.927782
0.007055 0.031644 0.999474 -0.079306
0.000000 0.000000 0.000000 1.000000

Pose 60:
0.974672 -0.223177 -0.014376 15.464053
0.222668 0.974416 -0.030545 4.035780
0.020825 0.026571 0.999430 -0.088636
0.000000 0.000000 0.000000 1.000000

Pose 61:
0.975213 -0.220552 -0.017778 15.930889
0.220124 0.975194 -0.023275 4.151701
0.022470 0.018785 0.999571 -0.103778
0.000000 0.000000 0.000000 1.000000

Pose 62:
0.976225 -0.216689 -0.005447 16.415580
0.216645 0.976220 -0.007701 4.284024
0.006986 0.006338 0.999956 -0.124201
0.000000 0.000000 0.000000 1.000000

Pose 63:
0.976632 -0.214238 0.017076 16.913897
0.214137 0.976775 0.007535 4.417267
-0.018293 -0.003703 0.999826 -0.137199
0.000000 0.000000 0.000000 1.000000

Pose 64:
0.976394 -0.212434 0.039081 17.410536
0.212169 0.977173 0.010860 4.532621
-0.040496 -0.002312 0.999177 -0.144663
0.000000 0.000000 0.000000 1.000000

Pose 65:
0.976681 -0.209881 0.045204 17.888950
0.209702 0.977727 0.008721 4.640681
-0.046028 0.000962 0.998940 -0.156597
0.000000 0.000000 0.000000 1.000000

Pose 66:
0.977207 -0.207750 0.043653 18.357275
0.207578 0.978182 0.008494 4.746528
-0.044465 0.000761 0.999011 -0.170384
0.000000 0.000000 0.000000 1.000000

Pose 67:
0.977781 -0.205442 0.041680 18.829583
0.205501 0.978653 0.002899 4.837773
-0.041386 0.005731 0.999127 -0.181312
0.000000 0.000000 0.000000 1.000000

Pose 68:
0.978331 -0.203590 0.037675 19.304038
0.203908 0.978979 -0.004757 4.931884
-0.035914 0.012336 0.999279 -0.193906
0.000000 0.000000 0.000000 1.000000

Pose 69:
0.979037 -0.201011 0.032894 19.779462
0.201545 0.979382 -0.013784 5.023985
-0.029445 0.020125 0.999364 -0.203718
0.000000 0.000000 0.000000 1.000000

Pose 70:
0.979594 -0.198536 0.031290 20.266852
0.199484 0.979416 -0.030817 5.104278
-0.024528 0.036430 0.999035 -0.206663
0.000000 0.000000 0.000000 1.000000

Pose 71:
0.980188 -0.195423 0.032279 20.762314
0.196866 0.979149 -0.050112 5.173164
-0.021813 0.055474 0.998222 -0.206377
0.000000 0.000000 0.000000 1.000000

Pose 72:
0.980765 -0.193555 0.025221 21.242900
0.194745 0.979049 -0.059472 5.251379
-0.013182 0.063240 0.997911 -0.189139
0.000000 0.000000 0.000000 1.000000

Pose 73:
0.981182 -0.192120 0.019253 21.729561
0.193001 0.978779 -0.068869 5.329158
-0.005614 0.071288 0.997440 -0.164346
0.000000 0.000000 0.000000 1.000000

Pose 74:
0.981726 -0.189914 0.012140 22.218769
0.190288 0.978890 -0.074592 5.411507
0.002283 0.075539 0.997140 -0.153285
0.000000 0.000000 0.000000 1.000000

Pose 75:
0.982138 -0.188001 0.007766 22.712317
0.188007 0.978834 -0.080853 5.489820
0.007599 0.080869 0.996696 -0.152971
0.000000 0.000000 0.000000 1.000000

Pose 76:
0.982445 -0.186466 0.005740 23.212102
0.186202 0.978239 -0.091528 5.564886
0.011452 0.090990 0.995786 -0.152597
0.000000 0.000000 0.000000 1.000000

Pose 77:
0.982774 -0.184755 0.004495 23.718385
0.184239 0.977537 -0.102365 5.638230
0.014519 0.101430 0.994737 -0.151403
0.000000 0.000000 0.000000 1.000000

Pose 78:
0.983627 -0.179922 0.010314 24.199567
0.180006 0.978089 -0.104593 5.715332
0.008731 0.104737 0.994462 -0.150880
0.000000 0.000000 0.000000 1.000000

Pose 79:
0.984572 -0.174377 0.014476 24.686669
0.174960 0.979925 -0.095584 5.810440
0.002482 0.096642 0.995316 -0.148610
0.000000 0.000000 0.000000 1.000000

Pose 80:
0.985243 -0.170509 0.014940 25.166485
0.171154 0.982262 -0.076596 5.916976
-0.001615 0.078023 0.996950 -0.147772
0.000000 0.000000 0.000000 1.000000

Pose 81:
0.986275 -0.164724 0.011313 25.650204
0.165108 0.984417 -0.060510 6.017305
-0.001169 0.061548 0.998103 -0.152186
0.000000 0.000000 0.000000 1.000000

Pose 82:
0.987069 -0.159666 0.014211 26.133679
0.160176 0.985885 -0.048735 6.110784
-0.006229 0.050381 0.998711 -0.162823
0.000000 0.000000 0.000000 1.000000

Pose 83:
0.987546 -0.156313 0.017867 26.631924
0.156940 0.986721 -0.041863 6.194309
-0.011086 0.044146 0.998964 -0.172086
0.000000 0.000000 0.000000 1.000000

Pose 84:
0.987787 -0.154664 0.018850 27.132438
0.155378 0.986810 -0.045428 6.266610
-0.011575 0.047803 0.998790 -0.174971
0.000000 0.000000 0.000000 1.000000

Pose 85:
0.988137 -0.152577 0.017460 27.641868
0.153298 0.986772 -0.052739 6.336674
-0.009182 0.054790 0.998456 -0.176444
0.000000 0.000000 0.000000 1.000000

Pose 86:
0.988356 -0.150959 0.019062 28.153720
0.151810 0.986793 -0.056506 6.414816
-0.010281 0.058741 0.998220 -0.181081
0.000000 0.000000 0.000000 1.000000

Pose 87:
0.988247 -0.151155 0.022814 28.673732
0.152295 0.986424 -0.061433 6.501922
-0.013219 0.064185 0.997850 -0.184121
0.000000 0.000000 0.000000 1.000000

Pose 88:
0.986990 -0.159134 0.022962 29.193998
0.160323 0.984863 -0.065886 6.592896
-0.012130 0.068711 0.997563 -0.186891
0.000000 0.000000 0.000000 1.000000

Pose 89:
0.985053 -0.170468 0.024717 29.711134
0.171851 0.982368 -0.073620 6.690003
-0.011731 0.076767 0.996980 -0.193608
0.000000 0.000000 0.000000 1.000000

Pose 90:
0.982376 -0.184524 0.029796 30.225594
0.186366 0.979169 -0.080598 6.794844
-0.014303 0.084731 0.996301 -0.199696
0.000000 0.000000 0.000000 1.000000

Pose 91:
0.978726 -0.202032 0.035748 30.737147
0.204450 0.974960 -0.087483 6.920946
-0.017178 0.092930 0.995524 -0.198396
0.000000 0.000000 0.000000 1.000000

Pose 92:
0.974305 -0.222324 0.036078 31.233906
0.224751 0.970140 -0.091191 7.068482
-0.014727 0.096956 0.995180 -0.195852
0.000000 0.000000 0.000000 1.000000

Pose 93:
0.969001 -0.244364 0.036389 31.731825
0.246731 0.964743 -0.091620 7.231754
-0.012718 0.097758 0.995129 -0.199628
0.000000 0.000000 0.000000 1.000000

Pose 94:
0.963218 -0.266387 0.035349 32.220223
0.268495 0.959451 -0.085820 7.410894
-0.011055 0.092154 0.995683 -0.200175
0.000000 0.000000 0.000000 1.000000

Pose 95:
0.958170 -0.284435 0.031739 32.706071
0.286074 0.955136 -0.076656 7.606406
-0.008511 0.082529 0.996552 -0.198886
0.000000 0.000000 0.000000 1.000000

Pose 96:
0.954296 -0.297461 0.028904 33.189809
0.298766 0.951974 -0.066970 7.805367
-0.007595 0.072545 0.997336 -0.200387
0.000000 0.000000 0.000000 1.000000

Pose 97:
0.951733 -0.305610 0.028403 33.676529
0.306744 0.950283 -0.053577 7.995570
-0.010618 0.059703 0.998160 -0.206855
0.000000 0.000000 0.000000 1.000000

Pose 98:
0.950780 -0.308847 0.025120 34.158377
0.309621 0.950127 -0.037334 8.189493
-0.012337 0.043274 0.998987 -0.212024
0.000000 0.000000 0.000000 1.000000

Pose 99:
0.951268 -0.307402 0.024363 34.647247
0.307951 0.951117 -0.023317 8.372707
-0.016004 0.029683 0.999431 -0.221048
0.000000 0.000000 0.000000 1.000000

Pose 100:
0.952191 -0.304680 0.022418 35.136055
0.304966 0.952304 -0.010606 8.548930
-0.018117 0.016936 0.999692 -0.232286
0.000000 0.000000 0.000000 1.000000

Pose 101:
0.952987 -0.302380 0.019533 35.622456
0.302411 0.953176 0.001397 8.726632
-0.019041 0.004576 0.999808 -0.241489
0.000000 0.000000 0.000000 1.000000

Pose 102:
0.953459 -0.300986 0.017972 36.109141
0.300827 0.953615 0.010999 8.899452
-0.020449 -0.005080 0.999778 -0.245096
0.000000 0.000000 0.000000 1.000000

Pose 103:
0.953916 -0.299795 0.012931 36.596400
0.299569 0.953925 0.016905 9.069641
-0.017403 -0.012252 0.999773 -0.249627
0.000000 0.000000 0.000000 1.000000

Pose 104:
0.954348 -0.298566 0.008902 37.088025
0.298349 0.954248 0.019959 9.236904
-0.014454 -0.016392 0.999761 -0.252847
0.000000 0.000000 0.000000 1.000000

Pose 105:
0.954778 -0.297278 0.004892 37.575902
0.297113 0.954601 0.021450 9.406860
-0.011046 -0.019027 0.999758 -0.260651
0.000000 0.000000 0.000000 1.000000

Pose 106:
0.954769 -0.297318 0.004306 38.074700
0.297147 0.954555 0.022992 9.572428
-0.010947 -0.020673 0.999726 -0.265360
0.000000 0.000000 0.000000 1.000000

Pose 107:
0.955047 -0.296419 0.004490 38.575973
0.296258 0.954859 0.021786 9.730425
-0.010745 -0.019476 0.999753 -0.271611
0.000000 0.000000 0.000000 1.000000

Pose 108:
0.955779 -0.294063 0.003734 39.075402
0.293908 0.955565 0.022682 9.895930
-0.010238 -0.020581 0.999736 -0.278694
0.000000 0.000000 0.000000 1.000000

Pose 109:
0.956342 -0.292139 0.008103 39.589150
0.291886 0.956164 0.023514 10.059503
-0.014617 -0.020123 0.999691 -0.289372
0.000000 0.000000 0.000000 1.000000

Pose 110:
0.956915 -0.290132 0.011667 40.104114
0.289862 0.956849 0.020510 10.217072
-0.017114 -0.016245 0.999722 -0.294264
0.000000 0.000000 0.000000 1.000000

Pose 111:
0.957730 -0.287384 0.012754 40.615062
0.287189 0.957753 0.015210 10.367176
-0.016586 -0.010905 0.999803 -0.298291
0.000000 0.000000 0.000000 1.000000

Pose 112:
0.958157 -0.285954 0.012883 41.128452
0.285766 0.958187 0.014707 10.522808
-0.016550 -0.010410 0.999809 -0.309199
0.000000 0.000000 0.000000 1.000000

Pose 113:
0.958315 -0.285417 0.013045 41.645246
0.285249 0.958361 0.013346 10.686813
-0.016310 -0.009069 0.999826 -0.317545
0.000000 0.000000 0.000000 1.000000

Pose 114:
0.958611 -0.284291 0.015600 42.165977
0.284208 0.958734 0.007400 10.844842
-0.017060 -0.002660 0.999851 -0.324865
0.000000 0.000000 0.000000 1.000000

Pose 115:
0.959137 -0.282271 0.019450 42.692448
0.282287 0.959328 0.001969 10.996604
-0.019215 0.003602 0.999809 -0.333745
0.000000 0.000000 0.000000 1.000000

Pose 116:
0.959486 -0.281255 0.016778 43.209176
0.281366 0.959590 -0.004560 11.141996
-0.014817 0.009096 0.999849 -0.338411
0.000000 0.000000 0.000000 1.000000

Pose 117:
0.960124 -0.279473 0.007509 43.718825
0.279530 0.960103 -0.008123 11.291136
-0.004939 0.009898 0.999939 -0.328187
0.000000 0.000000 0.000000 1.000000

Pose 118:
0.960338 -0.278831 0.001954 44.237012
0.278837 0.960285 -0.010115 11.452019
0.000944 0.010259 0.999947 -0.317764
0.000000 0.000000 0.000000 1.000000

Pose 119:
0.959107 -0.282850 0.010453 44.768910
0.283015 0.958878 -0.021344 11.610589
-0.003986 0.023429 0.999718 -0.328005
0.000000 0.000000 0.000000 1.000000

Pose 120:
0.956481 -0.291211 0.018451 45.299380
0.291739 0.955623 -0.040897 11.756752
-0.005723 0.044500 0.998993 -0.349094
0.000000 0.000000 0.000000 1.000000

Pose 121:
0.952348 -0.303957 0.025363 45.834179
0.304927 0.950758 -0.055491 11.922668
-0.007248 0.060581 0.998137 -0.377637
0.000000 0.000000 0.000000 1.000000

Pose 122:
0.948750 -0.314768 0.028185 46.348152
0.315849 0.947431 -0.051124 12.117220
-0.010611 0.057406 0.998295 -0.388799
0.000000 0.000000 0.000000 1.000000

Pose 123:
0.945894 -0.323005 0.030850 46.859258
0.323937 0.945521 -0.032484 12.332805
-0.018677 0.040720 0.998996 -0.382679
0.000000 0.000000 0.000000 1.000000

Pose 124:
0.945214 -0.325441 0.025683 47.362215
0.325980 0.945152 -0.020628 12.541953
-0.017561 0.027870 0.999457 -0.364841
0.000000 0.000000 0.000000 1.000000

Pose 125:
0.945102 -0.326412 0.015385 47.855045
0.326705 0.944823 -0.023948 12.732318
-0.006719 0.027660 0.999595 -0.342098
0.000000 0.000000 0.000000 1.000000

Pose 126:
0.945313 -0.326013 0.009949 48.355345
0.326160 0.944697 -0.034169 12.903959
0.001741 0.035545 0.999367 -0.332914
0.000000 0.000000 0.000000 1.000000

Pose 127:
0.945350 -0.325713 0.014979 48.869449
0.326057 0.944426 -0.041779 13.070199
-0.000539 0.044380 0.999015 -0.340643
0.000000 0.000000 0.000000 1.000000

Pose 128:
0.946191 -0.323097 0.018189 49.380180
0.323542 0.945642 -0.032880 13.251139
-0.006577 0.036995 0.999294 -0.350029
0.000000 0.000000 0.000000 1.000000

Pose 129:
0.947719 -0.318704 0.016029 49.881800
0.319021 0.947432 -0.024452 13.434121
-0.007393 0.028287 0.999572 -0.350918
0.000000 0.000000 0.000000 1.000000

Pose 130:
0.949072 -0.314824 0.012150 50.345267
0.314999 0.948937 -0.017169 13.608859
-0.006124 0.020121 0.999779 -0.343496
0.000000 0.000000 0.000000 1.000000

Pose 131:
0.949613 -0.312832 0.019257 50.827258
0.313120 0.949605 -0.014339 13.769415
-0.013801 0.019646 0.999712 -0.351515
0.000000 0.000000 0.000000 1.000000

Pose 132:
0.949386 -0.313305 0.022515 51.300417
0.313680 0.949401 -0.015581 13.924176
-0.016494 0.021855 0.999625 -0.355449
0.000000 0.000000 0.000000 1.000000

Pose 133:
0.949954 -0.311601 0.022208 51.765703
0.312036 0.949862 -0.019887 14.070061
-0.014898 0.025821 0.999556 -0.355347
0.000000 0.000000 0.000000 1.000000

Pose 134:
0.950811 -0.308875 0.023536 52.239248
0.309291 0.950822 -0.016635 14.231632
-0.017240 0.023096 0.999585 -0.368038
0.000000 0.000000 0.000000 1.000000

Pose 135:
0.951689 -0.305452 0.031420 52.713330
0.305840 0.952047 -0.008243 14.402694
-0.027395 0.017455 0.999472 -0.397807
0.000000 0.000000 0.000000 1.000000

Pose 136:
0.952266 -0.302280 0.042626 53.184563
0.302566 0.953128 -0.000276 14.571293
-0.040545 0.013160 0.999091 -0.427032
0.000000 0.000000 0.000000 1.000000

Pose 137:
0.953052 -0.299036 0.047632 53.638698
0.299418 0.954121 -0.000937 14.714161
-0.045167 0.015155 0.998864 -0.451761
0.000000 0.000000 0.000000 1.000000

Pose 138:
0.953731 -0.296600 0.049244 54.083205
0.297023 0.954869 -0.001331 14.856824
-0.046627 0.015896 0.998786 -0.466088
0.000000 0.000000 0.000000 1.000000

Pose 139:
0.953984 -0.295274 0.052224 54.528704
0.295977 0.955176 -0.006102 14.989294
-0.048081 0.021278 0.998617 -0.470342
0.000000 0.000000 0.000000 1.000000

Pose 140:
0.954480 -0.293344 0.054011 54.970151
0.294110 0.955748 -0.006657 15.122398
-0.049668 0.022239 0.998518 -0.474415
0.000000 0.000000 0.000000 1.000000

Pose 141:
0.955454 -0.290833 0.050244 55.401406
0.291520 0.956541 -0.006788 15.261029
-0.046086 0.021133 0.998714 -0.489323
0.000000 0.000000 0.000000 1.000000

Pose 142:
0.956497 -0.288052 0.046256 55.816188
0.288631 0.957420 -0.006234 15.391126
-0.042490 0.019313 0.998910 -0.512056
0.000000 0.000000 0.000000 1.000000

Pose 143:
0.957557 -0.285556 0.039281 56.243364
0.285905 0.958252 -0.003453 15.526693
-0.036655 0.014537 0.999222 -0.531897
0.000000 0.000000 0.000000 1.000000

Pose 144:
0.957892 -0.285585 0.029725 56.647786
0.285942 0.958209 -0.008477 15.645220
-0.026062 0.016620 0.999522 -0.530812
0.000000 0.000000 0.000000 1.000000

Pose 145:
0.958509 -0.284085 0.023590 57.051413
0.284447 0.958594 -0.013674 15.761614
-0.018728 0.019817 0.999628 -0.512962
0.000000 0.000000 0.000000 1.000000

Pose 146:
0.959218 -0.281605 0.024500 57.455285
0.282025 0.959278 -0.015748 15.881916
-0.019068 0.022016 0.999576 -0.503013
0.000000 0.000000 0.000000 1.000000

Pose 147:
0.960281 -0.278004 0.023952 57.843195
0.278427 0.960315 -0.016558 16.000165
-0.018399 0.022569 0.999576 -0.508477
0.000000 0.000000 0.000000 1.000000

Pose 148:
0.960885 -0.276192 0.020439 58.217650
0.276526 0.960876 -0.015819 16.118274
-0.015271 0.020853 0.999666 -0.513143
0.000000 0.000000 0.000000 1.000000

Pose 149:
0.961411 -0.274882 0.011370 58.583728
0.275048 0.961276 -0.017230 16.227258
-0.006193 0.019692 0.999787 -0.516148
0.000000 0.000000 0.000000 1.000000

Pose 150:
0.961818 -0.273690 -0.000733 58.946550
0.273623 0.961637 -0.019625 16.329439
0.006076 0.018675 0.999807 -0.511233
0.000000 0.000000 0.000000 1.000000

Pose 151:
0.962379 -0.271712 -0.000363 59.318417
0.271644 0.962167 -0.021065 16.435411
0.006073 0.020174 0.999778 -0.509036
0.000000 0.000000 0.000000 1.000000

Pose 152:
0.962368 -0.271701 0.005064 59.688372
0.271748 0.962174 -0.019345 16.541086
0.000383 0.019993 0.999800 -0.497584
0.000000 0.000000 0.000000 1.000000

Pose 153:
0.962194 -0.272205 0.009340 60.047568
0.272335 0.962032 -0.018085 16.643595
-0.004062 0.019945 0.999793 -0.491302
0.000000 0.000000 0.000000 1.000000

Pose 154:
0.962734 -0.270401 0.005142 60.402175
0.270450 0.962591 -0.016571 16.748198
-0.000469 0.017345 0.999849 -0.488899
0.000000 0.000000 0.000000 1.000000

Pose 155:
0.963085 -0.269196 0.001063 60.756045
0.269173 0.962935 -0.017398 16.850517
0.003660 0.017042 0.999848 -0.489263
0.000000 0.000000 0.000000 1.000000

Pose 156:
0.963354 -0.268198 -0.004246 61.097852
0.268072 0.963206 -0.019292 16.941385
0.009264 0.017447 0.999805 -0.483066
0.000000 0.000000 0.000000 1.000000

Pose 157:
0.963280 -0.268446 -0.005241 61.445038
0.268334 0.963192 -0.016077 17.044973
0.009363 0.014080 0.999857 -0.479358
0.000000 0.000000 0.000000 1.000000

Pose 158:
0.963712 -0.266928 -0.002876 61.791598
0.266906 0.963702 -0.006386 17.153897
0.004476 0.005386 0.999975 -0.475239
0.000000 0.000000 0.000000 1.000000

Pose 159:
0.964412 -0.264339 -0.005844 62.128479
0.264337 0.964430 -0.001063 17.262545
0.005917 -0.000520 0.999982 -0.461274
0.000000 0.000000 0.000000 1.000000

Pose 160:
0.965066 -0.261788 -0.010676 62.450625
0.261827 0.965112 0.002396 17.362246
0.009676 -0.005107 0.999940 -0.437879
0.000000 0.000000 0.000000 1.000000

Pose 161:
0.965286 -0.260567 -0.018095 62.769209
0.260629 0.965439 0.001069 17.454105
0.017191 -0.005748 0.999836 -0.416153
0.000000 0.000000 0.000000 1.000000

Pose 162:
0.965426 -0.259618 -0.023467 63.086922
0.259547 0.965711 -0.006099 17.537177
0.024246 -0.000202 0.999706 -0.404592
0.000000 0.000000 0.000000 1.000000

Pose 163:
0.965729 -0.258694 -0.021099 63.417094
0.258464 0.965933 -0.013054 17.617745
0.023757 0.007153 0.999692 -0.405051
0.000000 0.000000 0.000000 1.000000

Pose 164:
0.965727 -0.258970 -0.017475 63.757969
0.258587 0.965749 -0.021486 17.693578
0.022441 0.016231 0.999616 -0.413272
0.000000 0.000000 0.000000 1.000000

Pose 165:
0.965787 -0.258980 -0.013613 64.086226
0.258527 0.965587 -0.028378 17.768531
0.020494 0.023887 0.999505 -0.421260
0.000000 0.000000 0.000000 1.000000

Pose 166:
0.966341 -0.256928 -0.013175 64.409741
0.256438 0.966073 -0.030710 17.857944
0.020618 0.026298 0.999442 -0.428693
0.000000 0.000000 0.000000 1.000000

Pose 167:
0.965878 -0.258405 -0.017481 64.721033
0.257890 0.965792 -0.027191 17.958272
0.023909 0.021755 0.999477 -0.424532
0.000000 0.000000 0.000000 1.000000

Pose 168:
0.964373 -0.263476 -0.023754 65.021939
0.262966 0.964541 -0.022586 18.074178
0.028862 0.015535 0.999463 -0.414277
0.000000 0.000000 0.000000 1.000000

Pose 169:
0.962197 -0.271540 -0.021027 65.329571
0.271168 0.962346 -0.018939 18.188870
0.025378 0.012521 0.999600 -0.388567
0.000000 0.000000 0.000000 1.000000

Pose 170:
0.959603 -0.281277 -0.006765 65.663012
0.281128 0.959513 -0.017390 18.305062
0.011383 0.014785 0.999826 -0.375359
0.000000 0.000000 0.000000 1.000000

Pose 171:
0.956075 -0.293122 -0.001049 65.981233
0.293037 0.955872 -0.020913 18.424382
0.007133 0.019687 0.999781 -0.367153
0.000000 0.000000 0.000000 1.000000

Pose 172:
0.951520 -0.307558 0.004075 66.289347
0.307553 0.951143 -0.027170 18.544417
0.004481 0.027106 0.999623 -0.374588
0.000000 0.000000 0.000000 1.000000

Pose 173:
0.946153 -0.323571 0.009786 66.593131
0.323719 0.945708 -0.029022 18.687729
0.000136 0.030628 0.999531 -0.389965
0.000000 0.000000 0.000000 1.000000

Pose 174:
0.939876 -0.341278 0.012769 66.886382
0.341509 0.939446 -0.028527 18.838032
-0.002260 0.031172 0.999511 -0.404280
0.000000 0.000000 0.000000 1.000000

Pose 175:
0.932097 -0.361916 0.014587 67.163929
0.362196 0.931662 -0.028638 18.994338
-0.003226 0.031977 0.999483 -0.405539
0.000000 0.000000 0.000000 1.000000

Pose 176:
0.923708 -0.382561 0.020247 67.448423
0.383011 0.923330 -0.027638 19.163273
-0.008121 0.033284 0.999413 -0.402123
0.000000 0.000000 0.000000 1.000000

Pose 177:
0.914065 -0.404751 0.025717 67.719308
0.405253 0.914015 -0.018621 19.346347
-0.015969 0.027443 0.999496 -0.400354
0.000000 0.000000 0.000000 1.000000

Pose 178:
0.902759 -0.429114 0.029795 67.968621
0.429638 0.902893 -0.013956 19.541016
-0.020913 0.025400 0.999459 -0.397439
0.000000 0.000000 0.000000 1.000000

Pose 179:
0.889333 -0.456450 0.027222 68.199583
0.456959 0.889333 -0.016610 19.733221
-0.016628 0.027211 0.999491 -0.383627
0.000000 0.000000 0.000000 1.000000

Pose 180:
0.876059 -0.481530 0.025503 68.433995
0.482071 0.875835 -0.022802 19.925406
-0.011357 0.032270 0.999415 -0.382520
0.000000 0.000000 0.000000 1.000000

Pose 181:
0.864549 -0.502034 0.022713 68.670742
0.502509 0.864161 -0.026650 20.116869
-0.006248 0.034454 0.999387 -0.379334
0.000000 0.000000 0.000000 1.000000

Pose 182:
0.855262 -0.517779 0.020796 68.907167
0.518163 0.854974 -0.022961 20.320114
-0.005892 0.030413 0.999520 -0.380381
0.000000 0.000000 0.000000 1.000000

Pose 183:
0.847158 -0.531187 0.012782 69.089955
0.531335 0.847016 -0.015709 20.500195
-0.002482 0.020100 0.999795 -0.389978
0.000000 0.000000 0.000000 1.000000

Pose 184:
0.841518 -0.540185 0.006923 69.299718
0.540229 0.841451 -0.010587 20.685527
-0.000107 0.012650 0.999920 -0.388630
0.000000 0.000000 0.000000 1.000000

Pose 185:
0.836692 -0.547672 0.001297 69.514922
0.547672 0.836683 -0.004233 20.865502
0.001233 0.004252 0.999990 -0.381746
0.000000 0.000000 0.000000 1.000000

Pose 186:
0.832925 -0.553384 -0.001092 69.739625
0.553377 0.832922 -0.003692 21.043311
0.002953 0.002471 0.999993 -0.373725
0.000000 0.000000 0.000000 1.000000

Pose 187:
0.831450 -0.555585 -0.003981 69.969510
0.555573 0.831459 -0.003738 21.214793
0.005386 0.000896 0.999985 -0.359933
0.000000 0.000000 0.000000 1.000000

Pose 188:
0.830808 -0.556542 -0.004283 70.196130
0.556533 0.830819 -0.003116 21.386281
0.005292 0.000205 0.999986 -0.360197
0.000000 0.000000 0.000000 1.000000

Pose 189:
0.831427 -0.555604 -0.005781 70.424945
0.555575 0.831445 -0.005960 21.543500
0.008118 0.001743 0.999966 -0.355218
0.000000 0.000000 0.000000 1.000000

Pose 190:
0.832927 -0.553380 0.001654 70.672599
0.553336 0.832815 -0.015425 21.686503
0.007158 0.013764 0.999880 -0.346820
0.000000 0.000000 0.000000 1.000000

Pose 191:
0.832724 -0.553581 0.010896 70.915303
0.553686 0.832621 -0.013188 21.848926
-0.001772 0.017015 0.999854 -0.370813
0.000000 0.000000 0.000000 1.000000

Pose 192:
0.829918 -0.557616 0.017346 71.147110
0.557822 0.829893 -0.010618 22.025062
-0.008475 0.018488 0.999793 -0.396907
0.000000 0.000000 0.000000 1.000000

Pose 193:
0.826743 -0.562480 0.010557 71.362813
0.562576 0.826660 -0.011916 22.207248
-0.002025 0.015790 0.999873 -0.427687
0.000000 0.000000 0.000000 1.000000

Pose 194:
0.822037 -0.569404 0.005827 71.583270
0.569433 0.821985 -0.009291 22.395889
0.000501 0.010955 0.999940 -0.440355
0.000000 0.000000 0.000000 1.000000

Pose 195:
0.816263 -0.577557 0.011924 71.839712
0.577612 0.816310 -0.001518 22.605285
-0.008857 0.008126 0.999928 -0.447000
0.000000 0.000000 0.000000 1.000000

Pose 196:
0.808979 -0.587656 0.014604 72.056574
0.587677 0.809089 0.003227 22.805762
-0.013712 0.005972 0.999888 -0.452165
0.000000 0.000000 0.000000 1.000000

Pose 197:
0.800707 -0.598754 0.019042 72.295814
0.598718 0.800918 0.008179 23.034231
-0.020148 0.004852 0.999785 -0.434834
0.000000 0.000000 0.000000 1.000000

Pose 198:
0.793712 -0.607823 0.023929 72.521147
0.607737 0.794054 0.011531 23.249790
-0.026010 0.005390 0.999647 -0.439779
0.000000 0.000000 0.000000 1.000000

Pose 199:
0.788894 -0.614002 0.025438 72.736445
0.613914 0.789281 0.012082 23.446752
-0.027496 0.006085 0.999603 -0.434835
0.000000 0.000000 0.000000 1.000000

Pose 200:
0.785008 -0.618794 0.029246 72.961855
0.618898 0.785445 0.006449 23.638204
-0.026962 0.013038 0.999551 -0.425147
0.000000 0.000000 0.000000 1.000000

Pose 201:
0.781896 -0.622886 0.025547 73.176714
0.623010 0.782205 0.003707 23.828755
-0.022292 0.013017 0.999667 -0.434575
0.000000 0.000000 0.000000 1.000000

Pose 202:
0.781850 -0.623227 0.017266 73.379287
0.623294 0.781985 0.001831 24.009126
-0.014643 0.009330 0.999849 -0.460038
0.000000 0.000000 0.000000 1.000000

Pose 203:
0.783886 -0.620698 0.016049 73.601914
0.620747 0.784007 0.002285 24.192286
-0.014001 0.008171 0.999869 -0.473341
0.000000 0.000000 0.000000 1.000000

Pose 204:
0.785240 -0.618849 0.020571 73.825931
0.618955 0.785425 0.001520 24.364961
-0.017097 0.011539 0.999787 -0.472386
0.000000 0.000000 0.000000 1.000000

Pose 205:
0.786744 -0.617040 0.017200 74.027263
0.617202 0.786781 -0.006127 24.508504
-0.009752 0.015436 0.999833 -0.451533
0.000000 0.000000 0.000000 1.000000

Pose 206:
0.786322 -0.617812 0.002521 74.223077
0.617802 0.786269 -0.010033 24.673752
0.004216 0.009447 0.999946 -0.424424
0.000000 0.000000 0.000000 1.000000

Pose 207:
0.785516 -0.618832 -0.003310 74.416865
0.618673 0.785416 -0.019118 24.825320
0.014431 0.012970 0.999812 -0.410901
0.000000 0.000000 0.000000 1.000000

Pose 208:
0.787447 -0.616342 -0.007064 74.618476
0.615967 0.787285 -0.027691 24.980321
0.022629 0.017454 0.999592 -0.405907
0.000000 0.000000 0.000000 1.000000

Pose 209:
0.788223 -0.615371 0.004713 74.855230
0.615304 0.787963 -0.022693 25.160896
0.010251 0.020787 0.999731 -0.425660
0.000000 0.000000 0.000000 1.000000

Pose 210:
0.787213 -0.616389 0.018975 75.090136
0.616670 0.787007 -0.018373 25.336107
-0.003609 0.026165 0.999651 -0.454603
0.000000 0.000000 0.000000 1.000000

Pose 211:
0.788319 -0.614663 0.027252 75.304910
0.615245 0.787894 -0.026394 25.481411
-0.005248 0.037574 0.999280 -0.467007
0.000000 0.000000 0.000000 1.000000

Pose 212:
0.790209 -0.612593 0.017307 75.502260
0.612830 0.789738 -0.027446 25.646275
0.003145 0.032294 0.999473 -0.467461
0.000000 0.000000 0.000000 1.000000

Pose 213:
0.790699 -0.612096 0.011575 75.700646
0.612140 0.790195 -0.029602 25.807262
0.008973 0.030491 0.999495 -0.459397
0.000000 0.000000 0.000000 1.000000

Pose 214:
0.792412 -0.609801 0.015026 75.917829
0.609965 0.791940 -0.027820 25.968116
0.005065 0.031210 0.999500 -0.464914
0.000000 0.000000 0.000000 1.000000

Pose 215:
0.795772 -0.605388 0.015860 76.139979
0.605576 0.795262 -0.028913 26.125635
0.004891 0.032613 0.999456 -0.465781
0.000000 0.000000 0.000000 1.000000

Pose 216:
0.799457 -0.600497 0.016496 76.351096
0.600711 0.798955 -0.028582 26.271633
0.003984 0.032759 0.999455 -0.460028
0.000000 0.000000 0.000000 1.000000

Pose 217:
0.806292 -0.591287 0.016512 76.563172
0.591485 0.806226 -0.012034 26.427789
-0.006197 0.019469 0.999791 -0.446340
0.000000 0.000000 0.000000 1.000000

Pose 218:
0.813281 -0.581521 0.020176 76.768734
0.581779 0.813280 -0.010421 26.561464
-0.010349 0.020213 0.999742 -0.421716
0.000000 0.000000 0.000000 1.000000

Pose 219:
0.820682 -0.570903 0.023469 76.991070
0.571296 0.820587 -0.016074 26.673264
-0.010082 0.026599 0.999595 -0.407493
0.000000 0.000000 0.000000 1.000000

Pose 220:
0.829077 -0.559012 0.011738 77.202540
0.559079 0.828513 -0.031572 26.759109
0.007924 0.032738 0.999433 -0.383820
0.000000 0.000000 0.000000 1.000000

Pose 221:
0.837625 -0.546235 0.003425 77.413208
0.545812 0.836692 -0.045122 26.846030
0.021782 0.039665 0.998976 -0.411980
0.000000 0.000000 0.000000 1.000000

Pose 222:
0.846145 -0.532839 0.011041 77.656726
0.532418 0.844185 -0.062313 26.921315
0.023882 0.058604 0.997996 -0.423738
0.000000 0.000000 0.000000 1.000000

Pose 223:
0.854963 -0.518452 0.015695 77.900605
0.518256 0.852619 -0.066718 27.022925
0.021208 0.065176 0.997648 -0.434795
0.000000 0.000000 0.000000 1.000000

Pose 224:
0.862848 -0.505236 0.015177 78.136001
0.505125 0.860782 -0.062475 27.135692
0.018500 0.061573 0.997931 -0.451994
0.000000 0.000000 0.000000 1.000000

Pose 225:
0.869272 -0.494279 0.007348 78.365238
0.493868 0.867711 -0.056319 27.255182
0.021461 0.052585 0.998386 -0.446173
0.000000 0.000000 0.000000 1.000000

Pose 226:
0.875112 -0.483920 0.000694 78.595412
0.483335 0.873982 -0.050413 27.371619
0.023789 0.044453 0.998728 -0.432085
0.000000 0.000000 0.000000 1.000000

Pose 227:
0.879189 -0.476472 -0.000870 78.824515
0.475891 0.878205 -0.047787 27.488844
0.023533 0.041600 0.998857 -0.428040
0.000000 0.000000 0.000000 1.000000

Pose 228:
0.880610 -0.473836 0.002384 79.065495
0.473276 0.879300 -0.053298 27.596636
0.023158 0.048063 0.998576 -0.389479
0.000000 0.000000 0.000000 1.000000

Pose 229:
0.881899 -0.471372 0.007965 79.304766
0.470928 0.880030 -0.061439 27.689036
0.021951 0.057934 0.998079 -0.353243
0.000000 0.000000 0.000000 1.000000

Pose 230:
0.882765 -0.469706 0.010135 79.541488
0.469418 0.880928 -0.060109 27.808930
0.019305 0.057820 0.998140 -0.338813
0.000000 0.000000 0.000000 1.000000

Pose 231:
0.883495 -0.468379 0.007592 79.770527
0.467994 0.881830 -0.057948 27.942820
0.020447 0.054750 0.998291 -0.333804
0.000000 0.000000 0.000000 1.000000

Pose 232:
0.883681 -0.468064 0.004943 79.991839
0.467629 0.882292 -0.053693 28.084345
0.020771 0.049759 0.998545 -0.338674
0.000000 0.000000 0.000000 1.000000

Pose 233:
0.884134 -0.467233 0.000164 80.218627
0.466506 0.882739 -0.056079 28.207404
0.026057 0.049657 0.998426 -0.323776
0.000000 0.000000 0.000000 1.000000

Pose 234:
0.885762 -0.464105 -0.005659 80.440040
0.463081 0.884498 -0.056745 28.321370
0.031341 0.047642 0.998373 -0.304021
0.000000 0.000000 0.000000 1.000000

Pose 235:
0.888055 -0.459549 -0.013142 80.652348
0.458357 0.887242 -0.052068 28.431276
0.035588 0.040216 0.998557 -0.288886
0.000000 0.000000 0.000000 1.000000

Pose 236:
0.891137 -0.453156 -0.022907 80.862416
0.451787 0.890853 -0.047628 28.544284
0.041990 0.032094 0.998602 -0.271282
0.000000 0.000000 0.000000 1.000000

Pose 237:
0.895771 -0.443652 -0.027685 81.084204
0.442162 0.895700 -0.047062 28.636278
0.045676 0.029916 0.998508 -0.256850
0.000000 0.000000 0.000000 1.000000

Pose 238:
0.900525 -0.433860 -0.028640 81.314300
0.432560 0.900615 -0.042250 28.725588
0.044124 0.025659 0.998696 -0.241095
0.000000 0.000000 0.000000 1.000000

Pose 239:
0.906019 -0.422500 -0.024959 81.556183
0.421198 0.905867 -0.044683 28.795041
0.041488 0.029971 0.998689 -0.230356
0.000000 0.000000 0.000000 1.000000

Pose 240:
0.912516 -0.408378 -0.023284 81.791665
0.406871 0.912058 -0.051048 28.848630
0.042083 0.037108 0.998425 -0.224085
0.000000 0.000000 0.000000 1.000000

Pose 241:
0.919660 -0.392027 -0.023240 82.022663
0.390317 0.918972 -0.056059 28.899003
0.043333 0.042484 0.998157 -0.211745
0.000000 0.000000 0.000000 1.000000

Pose 242:
0.926633 -0.375469 -0.019343 82.264917
0.373907 0.925714 -0.056992 28.950102
0.039305 0.045578 0.998187 -0.223061
0.000000 0.000000 0.000000 1.000000

Pose 243:
0.932002 -0.361769 -0.022266 82.487478
0.360167 0.931263 -0.055030 29.010566
0.040643 0.043268 0.998236 -0.232699
0.000000 0.000000 0.000000 1.000000

Pose 244:
0.935710 -0.352208 -0.019906 82.723093
0.350555 0.934666 -0.059257 29.066808
0.039476 0.048470 0.998044 -0.238510
0.000000 0.000000 0.000000 1.000000

Pose 245:
0.938870 -0.343727 -0.019347 82.953294
0.341974 0.937612 -0.062757 29.120423
0.039711 0.052304 0.997841 -0.227932
0.000000 0.000000 0.000000 1.000000

Pose 246:
0.941695 -0.335933 -0.018959 83.186551
0.334024 0.940149 -0.067441 29.173730
0.040479 0.057176 0.997543 -0.207564
0.000000 0.000000 0.000000 1.000000

Pose 247:
0.943780 -0.330240 -0.014862 83.425795
0.328937 0.942624 -0.057098 29.260641
0.032866 0.048999 0.998258 -0.217812
0.000000 0.000000 0.000000 1.000000

Pose 248:
0.944923 -0.327262 -0.004380 83.674135
0.326837 0.944233 -0.040023 29.371373
0.017234 0.036387 0.999189 -0.231868
0.000000 0.000000 0.000000 1.000000

Pose 249:
0.945302 -0.326187 0.002426 83.923538
0.326119 0.944891 -0.028768 29.482701
0.007091 0.027986 0.999583 -0.253342
0.000000 0.000000 0.000000 1.000000

Pose 250:
0.944616 -0.327886 0.013868 84.183937
0.328122 0.944393 -0.021404 29.586256
-0.006079 0.024769 0.999675 -0.254183
